11 Land-, Tier-, Forstwirtschaftsberufe	209,696	152,409	57,287	177,729	31,891	36,223	136,509	35,300	1,664	355	17,549	12,508	5,041
111 Landwirtschaft	117,992	91,642	26,350	95,389	22,558	22,302	76,247	18,405	1,038	232	10,548	8,961	1,587
1110 Berufe in der Landwirtschaft (o.S.)	104,609	82,982	21,627	82,649	21,920	21,528	66,907	15,374	800	180	10,312	8,807	1,505
1111 Berufe in der Landtechnik	1,650	1,421	229	1,580	70	106	1,194	329	21	5	40	32	8
1112 Landwirtschaftliche Sachverständige	1,324	1,015	309	1,250	72	13	841	393	77	10	7	4	3
1113 Berufe landwirtsch.-techn. Laboratorium	3,538	1,058	2,480	3,431	107	282	2,426	809	21	9	105	51	54
1118 Berufe in der Landwirtschaft (s.s.T.)	2,953	1,906	1,047	2,679	271	114	2,158	645	36	10	42	29	13
1119 Aufsicht und Führung - Landwirtschaft	3,918	3,260	658	3,800	118	259	2,721	855	83	18	42	38	4
112 Tierwirtschaft	20,395	11,735	8,660	18,483	1,909	1,794	13,749	4,726	126	19	776	372	404
1121 Berufe in der Nutztierhaltung	16,791	9,599	7,192	15,263	1,525	1,597	11,305	3,812	77	11	682	321	361
1122 Berufe in der Geflügelhaltung	1,768	891	877	1,518	250	106	1,249	391	22	*	41	21	20
1123 Berufe in der Imkerei	135	87	48	116	19	38	82	*	*	-	39	26	13
1128 Berufe in der Tierwirtschaft (s.s.T.)	774	518	256	710	64	40	543	*	*	*	*	*	10
1129 Aufsicht und Führung - Tierwirtschaft	927	640	287	876	51	13	570	330	14	5	*	*	-
113 Pferdewirtschaft	11,353	4,608	6,745	9,060	2,285	3,227	7,279	771	76	15	1,753	281	1,472
1130 Berufe in der Pferdewirtschaft (o.S.)	7,798	2,986	4,812	6,030	1,764	2,192	5,027	537	42	9	1,172	157	1,015
1131 Berufe i.d. Pferdewirtschaft-Pferdezucht	548	160	388	517	31	212	298	*	*	-	156	18	138
1132 Berufe in der Pferdewirtschaft - Reiten	1,930	694	1,236	1,527	400	692	1,163	72	3	*	351	49	302
1133 Hufbeschlagschmiede/-schmiedinnen	467	408	59	434	33	86	353	*	*	*	59	*	*
1134 Kutscher/innen	268	229	39	230	38	7	177	66	18	*	*	-	*
1139 Aufsicht und Führung - Pferdewirtschaft	342	131	211	322	19	38	261	35	8	*	*	*	10
114 Fischwirtschaft	1,975	1,669	306	1,691	283	356	1,316	281	22	*	217	201	16
1140 Berufe in der Fischwirtschaft (o.S.)	804	658	146	673	131	145	567	*	*	-	77	*	*
1141 Berufe in der Fischzucht	422	305	117	*	*	*	271	46	*	-	67	57	10
1142 Berufe in der Fischerei	640	604	36	545	95	108	397	124	11	*	70	67	3
1149 Aufsicht und Führung - Fischwirtschaft	109	102	7	*	*	*	81	*	*	-	3	*	*
115 Tierpflege	21,766	10,405	11,361	19,878	1,879	3,589	14,517	3,532	128	23	1,784	516	1,268
1150 Berufe in der Tierpflege (o.S.)	12,672	6,627	6,045	11,207	1,460	1,947	8,469	2,170	86	13	777	226	551
1151 Berufe in der Nutztierpflege	1,563	1,076	487	1,364	197	102	1,074	376	11	*	24	*	*
1152 Berufe in der Haus-, Zootierpflege	4,961	1,846	3,115	4,854	106	1,138	3,190	614	19	7	761	216	545
1158 Berufe in der Tierpflege (s.s.T.)	2,237	723	1,514	2,128	109	393	1,558	278	8	-	218	64	154
1159 Aufsicht und Führung - Tierpflege	333	133	200	325	7	9	226	94	4	*	4	*	*
116 Weinbau	2,944	2,416	528	2,791	153	878	1,773	278	15	*	707	550	157
1160 Berufe im Weinbau	2,701	2,202	499	2,552	149	*	1,593	225	*	*	707	550	157
1169 Aufsicht und Führung - Weinbau	243	214	29	239	4	*	180	53	*	*	-	-	-
117 Forst-,Jagdwirtschaft, Landschaftspflege	33,271	29,934	3,337	30,437	2,824	4,077	21,628	7,307	259	63	1,764	1,627	137
1171 Berufe in der Forstwirtschaft	24,423	23,111	1,312	22,038	2,380	3,387	15,704	5,190	142	42	1,710	1,577	133
1172 Berufe in der Natur-, Landschaftspflege	5,070	3,304	1,766	4,845	224	585	3,388	1,061	36	12	*	*	*
1173 Berufe in der Jagdwirtschaft, Wildhege	383	354	29	279	102	57	280	*	*	-	34	*	*
1174 Sammeln von Pflanzen, Naturprodukten	33	24	9	29	4	*	26	*	-	-	-	-	-
1179 Aufsicht,Führung-Forst,Landschaftspflege	3,362	3,141	221	3,246	114	*	2,230	1,012	*	9	*	*	-
12 Gartenbauberufe, Floristik	244,003	169,516	74,487	217,713	26,156	32,990	168,973	40,273	1,767	382	15,465	10,467	4,998
121 Gartenbau	210,643	168,097	42,546	185,220	25,300	28,564	144,533	35,919	1,627	357	12,914	10,356	2,558
1210 Berufe im Gartenbau (o.S.)	124,531	98,700	25,831	106,160	18,293	13,135	86,304	23,969	1,123	241	3,795	2,906	889
1211 Berufe im Obst-, Gemüsebau	2,538	1,616	922	2,129	409	551	1,613	356	18	5	445	303	142
1212 Berufe BaumschuleStauden,Zierpflanzenbau	9,834	5,209	4,625	9,183	646	2,394	6,224	1,159	57	18	1,649	963	686
1213 Berufe in der Friedhofsgärtnerei	3,779	2,761	1,018	3,642	136	478	2,579	690	32	4	310	215	95
1214 Berufe Garten-,Landschafts,Sportplatzbau	64,483	55,235	9,248	58,763	5,685	11,840	43,824	8,495	324	75	6,678	5,939	739
1219 Aufsicht und Führung - Gartenbau	5,478	4,576	902	5,343	131	166	3,989	1,250	73	14	37	30	7
122 Floristik	33,360	1,419	31,941	32,493	856	4,426	24,440	4,354	140	25	2,551	111	2,440
1220 Berufe in der Floristik	32,711	1,343	31,368	31,853	848	4,394	23,942	4,242	133	25	2,538	108	2,430
1229 Aufsicht und Führung - Floristik	649	76	573	640	8	32	498	112	7	-	13	3	10
21 Rohstoffgewinn,Glas-,Keramikverarbeitung	119,557	105,908	13,649	104,927	14,583	8,934	84,122	25,862	639	166	3,685	3,225	460
211 Berg-, Tagebau und Sprengtechnik	24,889	23,308	1,581	22,462	2,424	1,151	17,762	5,866	110	26	279	268	11
2111 Berufe im Berg- und Tagebau	20,283	18,793	1,490	18,083	2,197	1,071	14,508	4,623	81	20	*	*	11
2112 Berufe in der Sprengtechnik	1,579	1,536	43	1,523	56	47	1,078	435	19	*	*	*	-
2119 Aufsicht,Führung-Bergbau,Sprengtechn.	3,027	2,979	48	2,856	171	33	2,176	808	10	*	-	-	-
212 Naturstein-,Mineral-,Baustoffherstell.	48,296	46,590	1,706	42,096	6,173	4,068	33,480	10,382	366	80	1,961	1,822	139
2120 Naturstein,Mineral,Baustoffherstell(o.S)	9,051	8,588	463	7,362	1,683	598	6,477	1,898	78	21	91	87	4
2121 Berufe Naturstein-,Mineralaufbereitung	9,411	9,052	359	7,917	1,491	847	6,510	1,994	60	13	355	341	14
2122 Berufe in der Baustoffherstellung	20,341	19,998	343	18,099	2,233	1,380	13,818	5,004	139	36	671	652	19
2123 Berufe in der Steinmetztechnik	8,183	7,706	477	7,446	728	1,187	5,755	1,183	58	*	801	703	98
2129 Aufsicht-Naturstein,Mineral,Baustoffher.	1,310	1,246	64	1,272	38	56	920	303	31	*	43	39	4
213 Industrielle Glasherstell.,-verarbeitung	33,839	26,483	7,356	29,754	4,073	2,932	24,127	6,657	123	44	1,202	947	255
2131 Berufe in der Glasherstellung	17,746	14,766	2,980	15,028	2,711	1,416	12,796	3,488	46	15	383	362	21
2132 Berufe im Glasapparatebau	392	300	92	378	14	*	258	*	*	-	44	33	11
2133 Berufe in der industriellen Glasbläserei	304	216	88	295	9	47	175	79	3	*	28	20	8
2134 Berufe in der Glasveredelung	11,552	8,907	2,645	10,346	1,202	893	8,318	2,298	43	17	405	348	57
2135 Berufe in der Glasapparatejustierung	104	43	61	101	3	*	70	*	*	-	-	-	-
2136 Berufe in der Feinoptik	3,448	1,974	1,474	3,318	129	506	2,319	602	21	*	342	184	158
2139 Aufsicht-Industri.Glasherst.,-verarbeit.	293	277	16	288	5	3	191	92	7	*	-	-	-
214 Industrielle Keramikherstell.,-verarbeit	12,533	9,527	3,006	10,615	1,913	783	8,753	2,957	40	16	243	188	55
2141 Industriekeramik (Verfahren,Anlagentech)	11,308	8,462	2,846	9,488	1,815	743	7,902	2,628	35	*	232	*	*
2142 Industriekeramik (Modelltechnik)	971	819	152	886	85	*	690	*	5	*	*	*	*
2149 Aufsicht-Industrielle Keramikherstellung	254	246	8	241	13	*	161	*	-	-	*	-	*
22 Kunststoff- u. Holzherst.,-verarbeitung	543,446	460,371	83,075	465,112	78,125	71,411	381,136	88,723	2,176	559	32,758	29,063	3,695
221 Kunststoff,Kautschukherstell.,verarbeit	245,161	184,050	61,111	196,350	48,729	25,389	174,978	43,898	896	276	7,387	6,797	590
2210 Kunststoff-,Kautschukherstellung (o.S.)	226,695	166,832	59,863	181,280	45,346	23,906	161,082	40,877	830	260	6,942	6,368	574
2211 Berufe i.d.Reifen-,Vulkanisationstechnik	11,462	11,312	150	9,007	2,447	1,136	8,769	1,523	34	*	305	301	4
2218 Kunststoff,Kautschukherst.,-verarb.(ssT)	4,978	3,931	1,047	4,129	845	280	3,673	1,004	21	10	97	85	12
2219 Aufsicht-Kunststoff,Kautschukher,verarb.	2,026	1,975	51	1,934	91	67	1,454	494	11	*	43	43	-
222 Farb- und Lacktechnik	69,522	62,988	6,534	58,143	11,334	10,108	48,849	10,345	220	62	5,818	4,884	934
2220 Berufe in der Farb-, Lacktechnik (o.S.)	35,580	32,626	2,954	29,162	6,397	2,541	26,341	6,555	143	42	764	*	*
2221 Berufe in der Fahrzeuglackierung	29,581	27,519	2,062	24,964	4,594	6,887	19,437	3,207	50	13	4,660	3,985	675
2222 Berufe im Lacklaboratorium	3,078	1,607	1,471	2,802	275	647	2,072	350	9	4	388	*	*
2229 Aufsicht - Farb-, Lacktechnik	1,283	1,236	47	1,215	68	33	999	233	18	3	6	*	*
223 Holzbe- und -verarbeitung	228,763	213,333	15,430	210,619	18,062	35,914	157,309	34,480	1,060	221	19,553	17,382	2,171
2230 Berufe i.d. Holzbe-,-verarbeitung (o.S.)	59,248	52,390	6,858	50,707	8,516	6,264	41,560	11,060	364	95	1,588	1,447	141
2231 Berufe Holztrocknung,-konservierung	285	267	18	263	22	*	214	39	*	*	14	*	*
2232 Produktion v. Holzwerkstoffen,-bauteilen	9,038	8,365	673	8,287	748	701	6,274	2,003	60	7	233	220	13
2233 Produktion v. Fertigprodukten aus Holz	4,905	4,545	360	4,061	843	396	3,590	892	27	7	137	125	12
2234 Berufe im Holz-, Möbel-, Innenausbau	146,810	140,584	6,226	139,183	7,578	28,204	99,441	18,687	478	95	17,500	15,513	1,987
2235 FlechtwerkgestalterBürsten-,Pinselmacher	1,714	721	993	1,507	205	98	1,158	434	24	*	24	*	*
2238 Berufe i.d. Holzbe-,-verarbeitung (ssT)	749	689	60	711	38	*	524	149	*	-	20	*	*
2239 Aufsicht,Führung - Holzbe-,-verarbeitung	6,014	5,772	242	5,900	112	149	4,548	1,216	101	11	37	34	3
23 Papier-,Druckberufe, tech.Mediengestalt.	281,086	180,388	100,698	253,082	27,833	29,983	205,911	44,064	1,128	361	15,140	8,532	6,608
231 Papier- und Verpackungstechnik	72,219	56,238	15,981	62,635	9,550	6,733	50,850	14,366	270	114	2,437	2,197	240
2310 Berufe Papier-,Verpackungstechnik (o.S.)	28,007	17,876	10,131	23,108	4,890	2,372	19,921	5,575	139	63	135	112	23
2311 Berufe in der Papierherstellung	12,383	11,722	661	11,328	1,053	*	8,527	2,435	*	15	798	739	59
2312 Berufe Papierverarb., Verpackungstechnik	30,557	25,400	5,157	26,972	3,562	2,966	21,490	6,004	97	36	1,504	1,346	158
2319 Aufsicht - Papier-, Verpackungstechnik	1,272	1,240	32	1,227	45	*	912	352	*	-	-	-	-
232 Technische Mediengestaltung	114,381	57,056	57,325	105,710	8,598	14,810	89,107	10,161	303	92	8,560	3,821	4,739
2321 Berufe Digital-, Printmediengestaltung	64,781	31,850	32,931	60,893	3,864	11,297	45,834	7,467	183	61	7,567	3,331	4,236
2322 Berufe Grafik-Kommunikations-,Fotodesign	43,547	21,946	21,601	39,218	4,283	3,320	37,724	2,392	111	28	971	481	490
2328 Berufe technische Mediengestaltung (ssT)	281	160	121	275	6	21	201	59	-	-	11	5	6
2329 Aufsicht,Führung-Techn. Mediengestaltung	5,772	3,100	2,672	5,324	445	172	5,348	243	9	3	11	4	7
233 Fototechnik und Fotografie	11,515	4,458	7,057	10,887	620	2,057	7,636	1,752	70	26	1,488	402	1,086
2331 Berufe in der Fototechnik	4,157	1,765	2,392	*	*	*	2,943	864	*	11	*	54	*
2332 Berufe in der Fotografie	7,278	2,648	4,630	6,934	337	1,734	4,645	*	*	15	1,368	348	1,020
2339 Aufsicht - Fototechnik und Fotografie	80	45	35	*	*	*	48	*	*	-	*	-	*
234 Drucktechnik,-weiterverarb.,Buchbinderei	82,971	62,636	20,335	73,850	9,065	6,383	58,318	17,785	485	129	2,655	2,112	543
2341 Berufe in der Drucktechnik	71,616	55,207	16,409	63,332	8,237	5,510	50,521	15,167	418	113	2,157	1,812	345
2342 Berufe Buchbinderei, Druckweiterverarb.	10,436	6,618	3,818	9,622	806	869	7,155	2,357	55	*	498	300	198
2349 Aufsicht-Drucktechnik,Buchbinderei	919	811	108	896	22	4	642	261	12	*	-	-	-
24 Metallerzeugung,-bearbeitung, Metallbau	1,305,779	1,190,338	115,441	1,126,870	178,364	161,663	890,588	246,893	6,635	1,777	76,951	72,870	4,081
241 Metallerzeugung	97,697	91,845	5,852	79,055	18,599	7,254	70,102	20,069	272	124	3,265	3,185	80
2410 Berufe in der Metallerzeugung (o.S.)	11,606	10,501	1,105	8,298	3,304	991	8,623	1,951	41	16	*	*	6
2411 Berufe in der Hüttentechnik	16,456	16,171	285	13,857	2,577	1,730	11,444	3,248	34	17	1,077	1,052	25
2412 Berufe in der Metallumformung	31,437	28,070	3,367	26,560	4,873	1,940	22,390	7,019	88	36	802	779	23
2413 Berufe in der industriellen Gießerei	30,825	29,990	835	24,083	6,730	2,118	22,505	6,111	91	46	1,015	997	18
2414 Berufe handwerkl.Metall-,Glockengießerei	5,728	5,482	246	4,720	1,007	469	4,037	1,210	12	*	252	244	8
2419 Aufsicht - Metallerzeugung	1,645	1,631	14	1,537	108	6	1,103	530	6	*	*	*	-
242 Metallbearbeitung	656,039	573,179	82,860	554,542	101,246	75,496	457,730	119,983	2,830	898	27,157	25,528	1,629
2420 Berufe in der Metallbearbeitung (o.S.)	391,507	319,844	71,663	314,041	77,319	41,022	278,569	70,215	1,701	566	7,911	7,405	506
2421 Berufe i.d. spanlosen Metallbearbeitung	24,694	21,540	3,154	21,185	3,496	1,105	17,537	5,950	102	45	326	299	27
2422 Berufe i.d. schleifenden Metallbearbeit.	32,138	30,093	2,045	26,899	5,225	1,879	22,596	7,465	198	56	578	522	56
2423 Berufe i.d. spanenden Metallbearbeitung	195,968	190,225	5,743	181,230	14,664	31,155	130,769	33,283	761	208	18,172	17,143	1,029
2424 Berufe Metallbearbeitung d. Laserstrahl	1,827	1,701	126	1,616	211	237	1,403	181	6	-	166	155	11
2429 Aufsicht - Metallbearbeitung	9,905	9,776	129	9,571	331	98	6,856	2,889	62	23	4	4	-
243 Metalloberflächenbehandlung	44,421	38,947	5,474	36,023	8,371	3,427	31,776	9,004	214	76	1,537	1,322	215
2430 Berufe Metalloberflächenbehandlung (o.S)	42,809	37,428	5,381	34,534	8,248	3,404	30,639	8,564	202	72	1,530	*	*
2438 Berufe Metalloberflächenbehandlung (ssT)	813	762	51	729	84	13	576	219	5	*	*	*	*
2439 Aufsicht - Metalloberflächenbehandlung	799	757	42	760	39	10	561	221	7	*	*	*	-
244 Metallbau und Schweißtechnik	364,561	354,153	10,408	321,017	43,364	44,368	244,983	72,684	2,526	519	25,498	24,765	733
2441 Berufe im Metallbau	277,694	270,914	6,780	249,458	28,095	40,924	181,941	53,038	1,791	387	24,456	23,748	708
2442 Berufe i.d. Schweiß-, Verbindungstechnik	76,858	73,303	3,555	61,959	14,864	3,255	55,909	17,154	540	112	998	*	*
2443 Industrietaucher/innen u.a.Taucherberufe	348	345	3	340	8	12	281	52	3	-	*	*	-
2449 Aufsicht - Metallbau und Schweißtechnik	9,661	9,591	70	9,260	397	177	6,852	2,440	192	20	*	*	*
245 Feinwerk- und Werkzeugtechnik	143,061	132,214	10,847	136,233	6,784	31,118	85,997	25,153	793	160	19,494	18,070	1,424
2451 Berufe in der Feinwerktechnik	45,853	39,204	6,649	43,211	2,623	11,037	27,675	6,874	267	50	6,979	6,466	513
2452 Berufe in der Werkzeugtechnik	90,773	87,693	3,080	86,959	3,794	19,513	53,977	16,868	415	96	12,222	11,426	796
2453 Berufe im Uhrmacherhandwerk	3,162	2,146	1,016	2,847	311	503	2,079	526	54	7	284	169	115
2459 Aufsicht - Feinwerk- u. Werkzeugtechnik	3,273	3,171	102	3,216	56	65	2,266	885	57	7	9	9	-
25 Maschinen- und Fahrzeugtechnikberufe	1,797,509	1,618,115	179,394	1,625,135	171,795	247,614	1,231,657	310,727	7,511	2,060	138,088	129,757	8,331
251 Maschinenbau- und Betriebstechnik	1,279,681	1,122,627	157,054	1,148,416	130,907	130,793	902,489	241,014	5,385	1,655	58,008	53,456	4,552
2510 Berufe Maschinenbau-, Betriebstechn.(oS)	618,559	534,925	83,634	563,078	55,340	90,800	412,184	112,755	2,820	874	49,116	45,476	3,640
2511 Maschinen-, Gerätezusammensetzer/innen	174,653	139,743	34,910	145,647	28,949	11,663	128,353	34,000	637	214	2,693	2,289	404
2512 Maschinen- und Anlagenführer/innen	216,759	190,215	26,544	184,952	31,756	16,012	159,610	40,589	548	217	4,334	4,042	292
2513 Tech.ServicekräfteWartung,Instandhaltung	222,179	212,574	9,605	209,851	12,231	10,492	168,872	41,715	1,100	277	1,183	1,119	64
2518 Berufe Maschinenbau,Betriebstechn.(ssT)	23,642	22,683	959	21,907	1,724	1,640	16,811	5,092	99	31	650	502	148
2519 Aufsicht,Führung-Maschinenbau,Betriebst.	23,889	22,487	1,402	22,981	907	186	16,659	6,863	181	42	32	28	4
252 Fahrzeug-Luft-Raumfahrt-,Schiffbautechn.	517,828	495,488	22,340	476,719	40,888	116,821	329,168	69,713	2,126	405	80,080	76,301	3,779
2520 Berufe in der Fahrzeugtechnik (o.S.)	24,507	22,673	1,834	19,182	5,295	3,408	17,720	3,160	219	32	958	*	*
2521 Berufe in der Kraftfahrzeugtechnik	362,606	347,211	15,395	333,838	28,611	92,478	222,593	46,438	1,097	236	65,874	62,782	3,092
2522 Berufe i.d. Land-, Baumaschinentechnik	38,083	37,846	237	37,025	1,051	12,657	20,125	5,138	163	29	8,030	7,917	113
2523 Berufe in der Luft- und Raumfahrttechnik	36,278	33,480	2,798	32,686	3,585	4,318	26,898	4,965	97	37	2,423	2,094	329
2524 Berufe in der Schiffbautechnik	3,374	3,147	227	3,113	261	563	2,224	558	29	10	432	*	*
2525 Berufe in der Zweiradtechnik	12,011	11,411	600	11,167	836	2,902	8,059	996	54	12	2,289	2,129	160
2529 Aufsicht,Führung-Fahr.LuftRaum.Schiffbau	40,969	39,720	1,249	39,708	1,249	495	31,549	8,458	467	49	74	*	*
26 Mechatronik-, Energie- u. Elektroberufe	1,018,838	911,709	107,129	940,184	78,340	171,483	670,831	171,653	4,871	1,258	115,362	108,551	6,811
261 Mechatronik und Automatisierungstechnik	107,836	100,604	7,232	102,525	5,283	44,368	55,598	7,651	219	50	35,114	32,664	2,450
2611 Berufe in der Mechatronik	66,478	61,889	4,589	63,367	3,090	34,598	29,540	2,290	50	*	26,867	25,150	1,717
2612 Berufe in der Automatisierungstechnik	40,624	37,991	2,633	38,439	2,178	9,744	25,514	5,207	159	41	8,241	7,508	733
2619 Aufsicht-Mechatronik,Automatisierungst.	734	724	10	719	15	26	544	154	10	*	6	6	-
262 Energietechnik	444,021	427,117	16,904	412,270	31,609	80,903	282,607	78,432	2,079	500	54,176	52,390	1,786
2621 Berufe in der Bauelektrik	227,919	224,489	3,430	207,707	20,111	42,047	143,941	40,609	1,322	294	29,026	28,440	586
2622 Berufe in der Elektromaschinentechnik	24,011	20,148	3,863	22,580	1,426	3,711	15,490	4,673	137	40	1,633	1,567	66
2623 Berufe i.d. Energie-, Kraftwerkstechnik	35,668	33,377	2,291	34,262	1,404	1,052	25,225	9,278	113	33	416	406	10
2624 Berufe i.d. regenerativen Energietechnik	5,622	5,077	545	5,269	352	290	4,932	388	12	5	37	29	8
2625 Berufe i.d. elektrischen Betriebstechnik	112,865	107,234	5,631	107,299	5,545	30,750	66,735	15,159	221	74	21,530	20,464	1,066
2626 Berufe Leitungsinstallation,-wartung	30,012	28,950	1,062	27,391	2,609	2,950	21,115	5,779	168	41	1,527	1,477	50
2629 Aufsicht - Energietechnik	7,924	7,842	82	7,762	162	103	5,169	2,546	106	13	7	7	-
263 Elektrotechnik	466,981	383,988	82,993	425,389	41,448	46,212	332,626	85,570	2,573	708	26,072	23,497	2,575
2630 Berufe in der Elektrotechnik (o.S.)	225,108	168,773	56,335	197,178	27,839	16,592	162,343	44,635	1,538	410	6,929	6,248	681
2631 Berufe Informations,Telekommunikationst.	193,795	171,599	22,196	182,773	10,981	26,876	134,719	31,530	670	224	18,029	16,314	1,715
2632 Berufe in der Mikrosystemtechnik	8,296	5,944	2,352	7,728	567	536	6,544	1,194	22	7	381	268	113
2633 Berufe Luftver.,Schiff,Fahrzeugelektron.	9,497	9,058	439	8,896	598	1,190	6,613	1,668	26	11	489	446	43
2638 Berufe in der Elektrotechnik (s.s.T.)	14,601	13,117	1,484	13,479	1,117	783	11,337	2,399	82	27	217	199	18
2639 Aufsicht - Elektrotechnik	15,684	15,497	187	15,335	346	235	11,070	4,144	235	29	27	22	5
27 Techn.Entwickl.Konstr.Produktionssteuer.	1,066,956	854,453	212,503	993,861	72,875	46,446	817,714	197,369	5,427	1,572	20,675	13,510	7,165
271 Technische Forschung und Entwicklung	255,335	222,718	32,617	231,983	23,307	5,108	216,963	32,039	1,225	317	616	481	135
2710 Berufe tech. Forschung, Entwicklung (oS)	231,465	202,035	29,430	209,778	21,642	4,847	198,083	27,444	1,091	280	581	450	131
2718 Berufe tech.Forschung, Entwicklung (ssT)	12,958	10,465	2,493	11,979	979	251	10,720	1,948	39	17	*	*	4
2719 Führung - Techn. Forschung, Entwicklung	10,912	10,218	694	10,226	686	10	8,160	2,647	95	20	*	*	-
272 Techn. Zeichnen, Konstruktion, Modellbau	235,389	159,709	75,680	225,500	9,839	25,647	170,451	38,112	1,179	337	16,394	10,331	6,063
2721 Technische Zeichner/innen	110,327	49,963	60,364	106,781	3,517	20,068	72,476	17,332	451	138	13,937	8,265	5,672
2722 Berufe i.d. Konstruktion u. im Gerätebau	107,238	94,206	13,032	101,821	5,402	3,753	85,830	17,040	615	174	1,350	1,181	169
2723 Berufe im Modellbau	10,131	9,050	1,081	9,555	573	1,651	6,627	1,804	49	11	1,061	855	206
2728 Techn.Zeichnen, Konstrukt.,Modellb.(ssT)	2,735	1,798	937	2,609	125	148	2,002	559	26	4	41	*	*
2729 Aufsicht,Führung-TechZeich.Konstr.Modell	4,958	4,692	266	4,734	222	27	3,516	1,377	38	10	5	*	*
273 Technische Produktionsplanung,-steuerung	576,232	472,026	104,206	536,378	39,729	15,691	430,300	127,218	3,023	918	3,665	2,698	967
2730 Berufe tech. Produktionsplan.,-steuerung	236,361	198,426	37,935	220,296	16,013	9,737	178,522	47,191	911	350	3,338	2,472	866
2731 Berufe technische Qualitätssicherung	192,315	138,365	53,950	176,092	16,186	5,189	144,977	41,354	795	264	293	200	93
2739 Aufsicht,Führung-Produktionsplan,steuer.	147,556	135,235	12,321	139,990	7,530	765	106,801	38,673	1,317	304	34	26	8
28 Textil- und Lederberufe	128,272	58,225	70,047	107,854	20,343	10,382	88,269	28,669	952	204	4,851	2,428	2,423
281 Textiltechnik und -produktion	42,736	26,606	16,130	35,462	7,264	3,197	29,732	9,551	256	65	1,204	1,006	198
2810 Berufe in der Textiltechnik (o.S.)	18,074	10,433	7,641	14,479	3,590	1,672	12,509	3,795	98	29	538	473	65
2811 Berufe in der Textilgestaltung	2,140	332	1,808	1,924	214	87	1,628	404	21	*	*	*	28
2812 Berufe in der Textilherstellung	12,500	8,350	4,150	10,800	1,699	774	8,738	2,899	89	20	333	271	62
2813 Berufe in der Garn- und Seilherstellung	3,522	2,242	1,280	2,575	945	216	2,350	936	20	6	55	*	*
2814 Berufe in der Textilveredlung	5,444	4,293	1,151	4,699	745	442	3,762	1,223	17	6	241	212	29
2819 Aufsicht,Führung-Textiltechn.,-produkt.	1,056	956	100	985	71	6	745	294	11	*	*	*	*
282 Textilverarbeitung	63,545	19,024	44,521	53,462	10,027	4,767	43,357	14,960	461	97	2,000	513	1,487
2821 Berufe im Modedesign	5,498	790	4,708	4,940	546	386	4,631	467	14	*	27	10	17
2822 Berufe i.d. Bekleidungsherstellung	34,463	5,760	28,703	29,408	5,022	2,767	21,896	9,476	324	69	1,308	167	1,141
2823 Technische Konfektionäre, Segelmacher	6,822	2,991	3,831	5,751	1,068	558	4,730	1,487	47	*	238	119	119
2824 Berufe Polsterei, Fahrzeuginnenausstat.	15,350	8,605	6,745	12,267	3,075	1,026	10,995	3,257	72	16	417	214	203
2829 Aufsicht,Führung - Textilverarbeitung	1,412	878	534	1,096	316	30	1,105	273	4	*	10	3	7
283 Leder-, Pelzherstellung u. -verarbeitung	21,991	12,595	9,396	18,930	3,052	2,418	15,180	4,158	235	42	1,647	909	738
2830 Berufe Leder-,Pelzherstell.,-verarb.(oS)	6,041	2,923	3,118	4,553	1,486	380	4,266	1,353	42	15	45	27	18
2831 Berufe in der Lederherstellung	1,079	713	366	877	202	61	747	264	7	*	33	25	8
2832 Berufe Sattlerei, Herst. Lederutensilien	3,598	1,848	1,750	3,277	320	466	2,377	725	30	5	356	165	191
2833 Berufe in der Schuhherstellung	9,803	5,987	3,816	8,833	965	1,473	6,711	1,517	102	15	1,187	673	514
2834 Berufe in der Pelzbe- und -verarbeitung	276	102	174	230	45	16	135	119	6	*	11	*	*
2839 Aufsicht,Führung-Leder-,Pelzher.,verarb.	1,194	1,022	172	1,160	34	22	944	180	48	4	15	*	*
29 Lebensmittelherstellung u. -verarbeitung	830,886	484,363	346,523	597,941	231,884	99,492	588,150	138,357	4,887	1,111	39,126	27,358	11,768
291 Getränkeherstellung	14,435	13,232	1,203	13,565	865	1,983	9,875	2,516	61	7	1,287	1,163	124
2910 Berufe in der Getränkeherstellung (o.S.)	4,155	3,568	587	3,697	458	250	3,054	836	15	3	80	62	18
2911 Brauer/innen und Mälzer/innen	5,601	5,361	240	5,453	147	1,255	3,533	801	12	*	937	863	74
2912 Weinküfer/innen	1,244	1,097	147	1,163	80	217	793	225	9	*	127	107	20
2913 Brenner/innen, Destillateure/innen	859	812	47	754	105	66	590	192	11	*	38	33	5
2914 Berufe in der Fruchtsafttechnik	774	684	90	739	35	151	498	*	*	-	92	85	7
2915 Nahrungsmittel- u. Getränkekoster/innen	35	19	16	29	5	*	31	*	-	-	-	-	-
2919 Aufsicht,Führung - Getränkeherstellung	1,767	1,691	76	1,730	35	*	1,376	338	*	-	13	13	-
292 Lebensmittel- u. Genussmittelherstellung	327,352	229,050	98,302	237,471	89,630	43,293	233,961	48,541	1,557	319	17,824	11,262	6,562
2920 Berufe i.d. Lebensmittelherstellung (oS)	132,457	82,426	50,031	86,125	46,232	13,667	96,403	21,851	536	152	3,095	2,094	1,001
2921 Berufe Mühlenprodukt-,Futtermittelherst.	3,402	3,273	129	3,150	251	442	2,358	577	25	*	254	234	20
2922 Berufe Back-, Konditoreiwarenherstell.	78,272	54,585	23,687	66,548	11,640	16,693	53,785	7,463	331	58	10,030	5,101	4,929
2923 Berufe in der Fleischverarbeitung	68,538	58,890	9,648	42,616	25,879	9,456	49,377	9,403	302	52	3,215	2,957	258
2924 Berufe in der Fischverarbeitung	2,646	1,291	1,355	1,843	802	108	1,788	724	26	9	20	11	9
2925 Berufe in der Milchproduktherstellung	9,777	7,862	1,915	8,873	899	1,410	6,796	1,543	28	7	797	599	198
2926 Berufe in der Süßwarenherstellung	12,043	5,258	6,785	10,004	2,035	739	8,389	2,876	39	13	298	186	112
2927 Berufe in der Tabakwarenherstellung	2,479	1,498	981	2,327	152	48	1,965	463	3	*	-	-	-
2928 Berufe i.d.Lebensmittelherstellung (ssT)	5,938	3,625	2,313	4,798	1,134	336	4,246	1,325	31	7	46	32	14
2929 Aufsicht,Führung-Lebens-,Genussmittelher	11,800	10,342	1,458	11,187	606	394	8,854	2,316	236	15	69	48	21
293 Speisenzubereitung	489,099	242,081	247,018	346,905	141,389	54,216	344,314	87,300	3,269	785	20,015	14,933	5,082
2930 Köche/Köchinnen (o.S.)	462,018	221,495	240,523	323,374	137,861	53,062	323,050	82,788	3,118	745	19,825	14,812	5,013
2931 Vor-, Kalt- und Süßspeisenköche/innen	1,698	763	935	1,378	317	198	1,154	331	15	3	119	81	38
2932 Grill-, Braten- u. Fischköche/-köchinnen	2,499	1,580	919	1,217	1,275	421	1,779	275	24	3	39	18	21
2938 Köche/Köchinnen (s.s.T.)	1,473	631	842	1,365	107	65	1,037	359	12	6	20	15	5
2939 Aufsicht, Führung - Speisenzubereitung	21,411	17,612	3,799	19,571	1,829	470	17,294	3,547	100	28	12	7	5
31 Bauplanung,Architektur,Vermessungsberufe	251,139	180,734	70,405	235,896	15,119	8,608	189,957	49,628	2,946	732	3,664	2,648	1,016
311 Bauplanung u. -überwachung, Architektur	216,635	156,099	60,536	202,325	14,188	5,386	167,387	41,153	2,709	631	1,216	831	385
3110 Berufe Bauplanung u. -überwachung (o.S.)	85,885	65,673	20,212	81,507	4,345	2,839	64,424	17,559	1,063	263	770	540	230
3111 Berufe in der Architektur	64,897	33,533	31,364	58,717	6,126	1,355	54,108	8,852	582	153	166	73	93
3112 Berufe in der Stadt- und Raumplanung	5,202	2,578	2,624	5,054	147	85	4,130	960	27	16	4	*	*
3113 Berufe Bauplanung Verkehrswege, -anlagen	3,725	2,861	864	3,552	173	123	2,677	862	63	15	70	55	15
3114 Berufe in der Wasserwirtschaft	3,287	2,302	985	3,183	104	125	2,436	694	32	15	64	54	10
3115 Berufe Bauwerkserhaltung und -erneuerung	2,621	2,255	366	2,372	240	111	2,007	487	16	3	31	*	*
3116 Bausachverständige und Baukontrolleure	3,800	3,207	593	3,642	157	60	2,699	961	80	14	9	5	4
3117 Berufe i.d. Bauabrechnung, -kalkulation	4,240	3,056	1,184	4,105	134	141	3,089	941	69	18	69	46	23
3119 Aufsicht,Führung-Bauplan,-überw,Archit.	42,978	40,634	2,344	40,193	2,762	547	31,817	9,837	777	134	33	27	6
312 Vermessung und Kartografie	34,504	24,635	9,869	33,571	931	3,222	22,570	8,475	237	101	2,448	1,817	631
3121 Berufe in der Vermessungstechnik	32,265	23,437	8,828	31,397	866	2,760	21,197	8,080	228	97	2,058	1,553	505
3122 Berufe in der Kartografie	2,239	1,198	1,041	2,174	65	462	1,373	395	9	4	390	264	126
32 Hoch- und Tiefbauberufe	547,079	538,768	8,311	431,621	114,830	60,435	394,713	89,009	2,922	615	27,595	27,249	346
321 Hochbau	419,184	413,539	5,645	317,357	101,259	46,600	307,116	63,288	2,180	439	20,035	19,781	254
3210 Berufe im Hochbau (o.S.)	206,215	201,530	4,685	130,057	75,725	17,942	158,202	28,908	1,163	243	3,258	3,186	72
3211 Berufe im Beton- und Stahlbetonbau	32,164	31,914	250	22,475	9,657	3,430	23,163	5,428	143	36	1,782	1,751	31
3212 Berufe im Maurerhandwerk	92,203	92,035	168	83,378	8,776	13,274	61,743	16,862	324	84	7,874	7,827	47
3213 Berufe im Schornsteinbau	1,515	*	*	1,323	191	145	1,044	310	16	*	88	88	-
3214 Berufe in der Dachdeckerei	50,448	50,214	234	48,229	2,201	9,876	35,534	4,914	124	22	6,182	6,091	91
3215 Berufe im Fassadenbau	1,562	*	*	1,093	468	91	1,240	*	*	*	22	*	*
3216 Berufe im Gerüstbau	11,774	11,748	26	9,379	2,378	1,276	9,311	1,158	29	*	643	634	9
3217 Berufe im Bauwerksabbruch	726	*	*	606	120	134	505	*	*	-	77	*	*
3219 Aufsicht - Hochbau	22,577	22,307	270	20,817	1,743	432	16,374	5,402	369	44	109	*	*
322 Tiefbau	127,895	125,229	2,666	114,264	13,571	13,835	87,597	25,721	742	176	7,560	7,468	92
3220 Berufe im Tiefbau (o.S.)	58,806	57,223	1,583	50,652	8,127	4,321	41,643	12,455	387	81	1,794	1,774	20
3221 Pflasterer/innen, Steinsetzer/innen	4,802	4,773	29	3,731	1,065	243	3,701	829	29	9	54	51	3
3222 Berufe im Straßen- und Asphaltbau	35,994	35,628	366	33,154	2,830	6,732	23,249	5,887	126	46	4,102	4,072	30
3223 Berufe im Gleisbau	6,083	6,045	38	5,537	541	1,034	3,890	1,152	7	*	752	745	7
3224 Berufe im Brunnenbau	2,179	2,167	12	2,028	150	207	1,514	441	17	3	107	*	*
3225 Berufe im Kanal- und Tunnelbau	3,874	3,849	25	3,510	357	586	2,607	667	14	*	375	369	6
3226 Berufe im Kultur- und Wasserbau	7,253	6,749	504	7,109	142	636	4,800	1,786	31	14	368	345	23
3229 Aufsicht - Tiefbau	8,904	8,795	109	8,543	359	76	6,193	2,504	131	19	8	*	*
33 (Innen-)Ausbauberufe	360,917	348,770	12,147	305,464	55,155	57,276	256,094	45,905	1,642	282	33,088	29,992	3,096
331 Bodenverlegung	51,552	51,091	461	41,192	10,311	6,660	37,999	6,605	288	45	3,687	3,603	84
3310 Berufe in der Bodenverlegung (o.S.)	16,384	16,179	205	11,964	4,402	1,828	12,600	1,871	85	11	681	664	17
3311 Berufe Fliesen-,Platten-,Mosaikverlegung	25,652	25,482	170	21,840	3,792	3,602	18,400	3,524	126	25	2,294	2,244	50
3312 Berufe Estrich- und Terrazzoverlegung	4,215	4,195	20	2,885	1,323	325	3,265	596	29	6	*	*	*
3313 Berufe in der Parkettverlegung	4,443	4,392	51	3,703	736	877	3,107	440	19	*	585	*	*
3319 Aufsicht - Bodenverlegung	858	843	15	800	58	28	627	174	29	*	*	*	-
332 Maler.,Stuckat.,Bauwerksabd,Bautenschutz	160,047	151,331	8,716	137,928	22,001	26,716	111,285	21,300	746	122	17,089	14,512	2,577
3321 Berufe für Maler- und Lackiererarbeiten	132,602	124,522	8,080	116,086	16,438	24,037	90,735	17,392	438	84	15,663	13,139	2,524
3322 Berufe für Stuckateurarbeiten	16,542	16,380	162	12,104	4,412	1,938	12,356	2,173	75	20	1,084	1,053	31
3323 Berufe in der Bauwerksabdichtung	2,823	2,804	19	2,264	552	222	2,075	498	28	*	103	*	*
3324 Berufe im Holz- und Bautenschutz	1,556	1,542	14	1,313	238	181	1,178	193	4	*	106	*	*
3329 Aufsicht-MalerStuckBauwerksabdBautensch.	6,524	6,083	441	6,161	361	338	4,941	1,044	201	13	133	116	17
333 Aus-,Trockenbau.Iso.Zimmer.Glas.Roll.bau	149,318	146,348	2,970	126,344	22,843	23,900	106,810	18,000	608	115	12,312	11,877	435
3330 Berufe im Aus- und Trockenbau (o.S.)	40,559	39,958	601	25,258	15,227	3,878	32,071	4,464	146	33	1,295	1,269	26
3331 Berufe in der Isolierung	11,383	11,246	137	9,106	2,269	929	8,272	2,115	67	10	531	512	19
3332 Berufe in der Zimmerei	50,520	49,837	683	48,658	1,843	13,991	31,936	4,515	78	24	8,109	7,879	230
3333 Berufe in der Bautischlerei	23,795	23,117	678	21,767	2,010	2,504	17,552	3,631	108	23	957	852	105
3334 Berufe in der Glaserei	10,067	9,750	317	9,305	755	1,638	7,196	1,194	39	*	1,007	968	39
3335 Berufe im Rollladen- und Jalousiebau	4,835	4,472	363	4,417	415	712	3,364	730	29	*	397	*	*
3339 Aufsicht-Aus-,Trockenbau.Iso.Zimm.Glas.	8,159	7,968	191	7,833	324	248	6,419	1,351	141	15	16	*	*
34 Gebäude- u. versorgungstechnische Berufe	697,324	667,959	29,365	637,845	59,153	75,644	448,362	164,028	9,290	1,485	46,325	45,388	937
341 Gebäudetechnik	292,641	272,561	20,080	268,606	23,885	7,151	184,445	94,186	6,859	1,037	842	782	60
3410 Berufe in der Gebäudetechnik (o.S.)	243,270	227,332	15,938	220,760	22,367	6,079	152,670	78,212	6,309	887	811	755	56
3411 Platz-, Gerätewarte/innen	46,697	42,717	3,980	45,260	1,430	1,061	30,022	15,098	516	139	31	27	4
3419 Aufsicht - Gebäudetechnik	2,674	2,512	162	2,586	88	11	1,753	876	34	11	-	-	-
342 Klempnerei,Sanitär,Heizung,Klimatechnik	234,327	232,353	1,974	214,707	19,509	50,494	148,503	34,013	1,317	181	35,733	35,218	515
3420 Berufe in der Klempnerei (o.S.)	25,421	25,065	356	21,133	4,274	4,775	16,881	3,630	135	21	2,851	2,773	78
3421 Berufe Sanitär-, Heizungs-, Klimatechnik	181,191	179,894	1,297	167,205	13,897	40,372	113,418	26,565	836	132	28,798	28,454	344
3422 Berufe im Ofen- und Luftheizungsbau	2,426	2,388	38	2,298	127	404	1,629	377	16	*	260	*	*
3423 Berufe in der Kältetechnik	14,349	14,143	206	13,444	901	4,665	8,309	1,310	65	*	3,758	3,672	86
3429 Aufsicht-Klemp.Sanitär,Heizung,Klimatech	10,940	10,863	77	10,627	310	278	8,266	2,131	265	16	66	*	*
343 Ver- und Entsorgung	170,356	163,045	7,311	154,532	15,759	17,999	115,414	35,829	1,114	267	9,750	9,388	362
3430 Berufe in der Ver- und Entsorgung (o.S.)	59,367	55,638	3,729	51,595	7,737	3,566	42,127	13,219	455	103	973	893	80
3431 Berufe Wasserversorgung,Abwassertechnik	28,704	27,662	1,042	27,708	992	3,215	19,071	6,309	109	42	1,719	1,591	128
3432 Berufe im Rohrleitungsbau	23,502	23,431	71	20,641	2,854	1,864	15,682	5,794	162	32	892	882	10
3433 Berufe in der Abfallwirtschaft	11,368	10,415	953	10,147	1,216	829	7,762	2,650	127	33	366	325	41
3434 Berufe Anlagen-, Behälter-, Apparatebau	41,663	40,296	1,367	38,761	2,888	8,486	26,904	6,052	221	48	5,793	5,690	103
3439 Aufsicht - Ver- und Entsorgung	5,752	5,603	149	5,680	72	39	3,868	1,805	40	9	7	7	-
41 Mathematik-Biologie-Chemie-,Physikberufe	395,165	247,999	147,166	360,843	34,253	35,115	287,708	70,529	1,813	597	17,983	11,662	6,321
411 Mathematik und Statistik	9,295	5,256	4,039	8,634	660	137	7,670	1,404	84	29	23	17	6
4110 Berufe in der Mathematik (o.S.)	2,992	1,950	1,042	2,725	267	58	2,487	413	34	12	6	*	*
4111 Berufe in der Statistik	3,648	1,611	2,037	3,408	239	*	2,910	671	*	12	11	*	*
4118 Berufe in der Mathematik (s.s.T.)	2,541	1,605	936	*	*	*	2,202	280	*	5	6	*	*
4119 Führung - Mathematik und Statistik	114	90	24	*	*	*	71	40	*	-	-	-	-
412 Biologie	49,096	16,286	32,810	44,942	4,149	4,543	38,313	5,907	333	74	1,908	587	1,321
4120 Berufe in der Biologie (o.S.)	9,921	4,144	5,777	8,455	1,464	162	8,646	1,060	53	14	*	*	-
4121 Berufe im biologisch-techn. Laboratorium	30,535	8,255	22,280	29,252	1,281	4,135	22,350	3,845	205	39	1,888	580	1,308
4122 Berufe in der biologischen Präparation	1,141	546	595	1,080	61	74	759	291	17	7	13	3	10
4123 Berufe in der Biologie (Ökologie)	707	294	413	655	52	*	591	71	*	-	*	-	*
4124 Berufe in der Biologie (Botanik)	61	36	25	55	6	*	46	8	*	-	-	-	-
4125 Berufe in der Biologie (Zoologie)	331	169	162	265	66	*	272	43	*	*	-	-	-
4126 Berufe in der Biologie (Mikrobiologie)	618	246	372	534	84	15	537	61	5	*	-	-	-
4127 Berufe in der Biologie (Humanbiologie)	1,402	507	895	1,154	248	13	1,248	130	11	-	*	*	*
4128 Berufe in der Biologie (s.s.T.)	3,529	1,668	1,861	2,714	814	74	3,178	250	27	8	*	*	*
4129 Aufsicht und Führung - Biologie	851	421	430	778	73	9	686	148	8	*	-	-	-
413 Chemie	293,765	192,253	101,512	268,888	24,819	27,442	209,236	56,049	1,038	377	14,244	9,716	4,528
4130 Berufe in der Chemie (o.S.)	18,004	12,936	5,068	16,558	1,445	769	13,393	3,698	144	46	397	303	94
4131 Berufe in der Chemie- und Pharmatechnik	182,043	133,644	48,399	162,610	19,386	16,119	129,659	35,676	589	213	8,034	6,530	1,504
4132 Berufe im chemisch-techn. Laboratorium	74,160	30,397	43,763	71,484	2,668	10,103	51,473	12,360	224	88	5,599	2,716	2,883
4133 Steuerer chemische Verfahrensanlagen	711	530	181	663	48	*	516	123	*	*	*	*	-
4134 Steuerer Erdöl-,Erdgasraffinationsanlag.	1,542	1,441	101	1,504	38	221	1,072	249	-	-	160	139	21
4138 Berufe in der Chemie (s.s.T.)	4,743	2,584	2,159	4,340	403	*	3,933	648	*	*	49	23	26
4139 Aufsicht und Führung - Chemie	12,562	10,721	1,841	11,729	831	*	9,190	3,295	*	22	*	*	-
414 Physik	43,009	34,204	8,805	38,379	4,625	2,993	32,489	7,169	358	117	1,808	1,342	466
4140 Berufe in der Physik (o.S.)	9,583	7,952	1,631	7,535	2,047	*	7,885	1,378	*	39	*	4	*
4141 Berufe physikalisch-techn. Laboratorium	6,161	4,178	1,983	5,818	341	501	4,374	1,235	51	18	367	253	114
4142 Berufe in der Werkstofftechnik	14,659	11,717	2,942	13,495	1,162	1,430	10,646	2,514	69	27	920	674	246
4143 Berufe in der Baustoffprüfung	4,160	3,200	960	4,042	118	*	2,830	652	*	9	479	387	92
4148 Berufe in der Physik (s.s.T.)	7,642	6,523	1,119	6,730	912	226	6,170	1,185	61	17	34	24	10
4149 Aufsicht und Führung - Physik	804	634	170	759	45	*	584	205	*	7	*	-	*
42 Geologie-,Geografie-,Umweltschutzberufe	41,845	30,018	11,827	40,278	1,553	4,418	31,180	5,995	252	70	2,259	1,954	305
421 Geologie, Geografie und Meteorologie	10,757	7,134	3,623	10,100	655	179	8,928	1,578	72	23	13	5	8
4211 Berufe in der Geotechnik	1,852	1,340	512	1,766	85	38	1,451	347	16	3	9	*	*
4212 Berufe in der Geologie	5,751	3,967	1,784	5,319	432	89	4,711	907	44	14	*	*	*
4213 Berufe in der Geografie	2,424	1,383	1,041	2,352	71	41	2,172	208	3	3	*	-	*
4214 Berufe in der Meteorologie	730	444	286	663	67	11	594	116	9	3	-	-	-
422 Umweltschutztechnik	17,299	14,167	3,132	16,964	326	3,636	12,214	1,388	61	13	2,164	1,894	270
4220 Berufe in der Umweltschutztechnik (o.S.)	7,090	4,838	2,252	6,816	271	423	5,574	1,047	46	10	117	*	*
4221 Schornsteinfeger/innen	9,062	8,298	764	9,018	38	3,172	5,622	257	11	*	2,024	1,786	238
4228 Berufe i.d. Umweltschutztechnik (s.s.T.)	203	161	42	189	14	*	148	47	*	*	*	*	-
4229 Aufsicht - Umweltschutztechnik	944	870	74	941	3	*	870	37	*	-	*	*	*
423 Umweltmanagement und -beratung	13,789	8,717	5,072	13,214	572	603	10,038	3,029	119	34	82	55	27
4231 Berufe Umweltschutzverwaltung, -beratung	11,293	6,569	4,724	10,854	436	523	8,381	2,290	99	27	65	42	23
4232 Gewässer-Immissionsschutz,Abfallbeauftr.	571	413	158	561	10	*	385	173	*	-	*	*	*
4233 Strahlenschutzbeauftragte	1,788	1,630	158	1,667	121	*	1,189	512	*	7	*	*	*
4239 Führung - Umweltmanagement und -beratung	137	105	32	132	5	-	83	54	-	-	-	-	-
43 Informatik- und andere IKT-Berufe	742,081	623,937	118,144	679,925	61,841	60,339	592,104	87,557	2,081	813	39,258	34,772	4,486
431 Informatik	226,847	186,915	39,932	210,682	16,085	32,957	167,448	25,859	583	231	25,430	22,725	2,705
4310 Berufe in der Informatik (o.S.)	174,252	146,172	28,080	162,109	12,081	25,224	127,448	21,139	441	183	19,991	18,344	1,647
4311 Berufe in der Wirtschaftsinformatik	26,226	19,438	6,788	24,909	1,312	5,847	17,877	2,436	66	21	4,671	3,769	902
4312 Berufe in der technischen Informatik	9,707	8,544	1,163	8,868	833	733	7,729	1,202	43	16	505	438	67
4313 Berufe in der Bio- und Medizininformatik	1,117	753	364	954	163	*	1,000	61	*	*	25	13	12
4314 Berufe in der Geoinformatik	951	691	260	874	75	*	804	97	*	*	32	20	12
4315 Berufe in der Medieninformatik	12,318	9,337	2,981	10,777	1,536	1,047	10,911	343	17	5	206	141	65
4319 Führung - Informatik	2,276	1,980	296	2,191	85	3	1,679	581	13	*	-	-	-
432 IT-Systemanalyse,Anwenderber,IT-Vertrieb	164,678	133,059	31,619	150,898	13,712	8,122	137,304	18,744	508	194	4,220	3,401	819
4321 Berufe in der IT-Systemanalyse	30,261	26,314	3,947	27,546	2,711	1,163	24,539	4,478	81	33	647	476	171
4322 Berufe in der IT-Anwendungsberatung	111,332	88,722	22,610	101,796	9,507	3,613	94,955	12,412	352	139	804	601	203
4323 Berufe im IT-Vertrieb	22,513	17,531	4,982	21,005	1,473	3,339	17,381	1,721	72	*	2,766	2,321	445
4329 Führung-IT-System,-Anwendung,-Vertrieb	572	492	80	551	21	7	429	133	3	*	3	3	-
433 IT-Netzwerkt.,-Koord.,-Administr.,-Orga.	151,499	129,787	21,712	142,848	8,613	4,781	121,740	24,491	487	217	1,513	1,352	161
4331 Berufe in der IT-Netzwerktechnik	10,173	8,930	1,243	9,396	772	296	8,440	1,398	39	15	86	77	9
4332 Berufe in der IT-Koordination	14,975	11,517	3,458	13,893	1,080	302	12,052	2,586	35	16	43	*	*
4333 Berufe in der IT-Organisation	20,392	15,916	4,476	19,312	1,074	744	15,636	3,927	85	37	240	196	44
4334 Berufe in der IT-Systemadministation	71,475	63,946	7,529	68,140	3,318	2,946	58,028	10,304	197	92	1,016	929	87
4335 Berufe Datenbankentwickl., -administr.	6,247	4,722	1,525	5,587	656	141	5,183	904	19	8	24	21	3
4336 Berufe in der Webadministration	895	641	254	827	68	33	814	48	-	-	3	*	*
4338 IT-Netzwerkt.,-Koord.,-Admin.,-Org.(ssT)	8,424	7,048	1,376	7,866	558	232	6,648	1,525	19	12	82	73	9
4339 Führung-IT-Netzw.,-Koord.,-Admin.,-Orga.	18,918	17,067	1,851	17,827	1,087	87	14,939	3,799	93	37	19	*	*
434 Softwareentwicklung und Programmierung	199,057	174,176	24,881	175,497	23,431	14,479	165,612	18,463	503	171	8,095	7,294	801
4341 Berufe in der Softwareentwicklung	162,166	142,065	20,101	141,752	20,308	13,031	135,737	13,065	333	120	7,867	7,092	775
4342 Berufe in der Programmierung	33,434	28,951	4,483	30,531	2,883	1,436	27,065	4,789	144	40	*	*	26
4349 Führung-Softwareentwickl.,Programmierung	3,457	3,160	297	3,214	240	12	2,810	609	26	11	*	*	-
51 Verkehr, Logistik (außer Fahrzeugführ.)	1,958,694	1,397,297	561,397	1,611,725	345,961	202,293	1,392,332	346,390	17,679	2,834	56,600	44,697	11,903
511 Tech.Betrieb Eisenb.,Luft,Schiffsverkehr	21,359	20,070	1,289	15,906	5,448	1,037	16,287	3,802	233	63	138	124	14
5111 Berufe im technischen Eisenbahnbetrieb	2,553	2,407	146	2,333	220	70	1,798	652	33	4	*	*	-
5112 Berufe technischer Luftverkehrsbetrieb	9,922	9,265	657	7,672	2,249	461	8,229	1,207	25	11	19	*	*
5113 Berufe technisch. Schiffsverkehrsbetrieb	8,429	8,116	313	5,483	2,943	492	6,000	1,785	152	44	111	101	10
5118 TechBetriebEisenb.Luft,Schiffsverk.(ssT)	366	197	169	345	20	*	221	113	*	4	*	-	*
5119 Aufsicht-TechBetr.Eisenb.LuftSchiffsverk	89	85	4	73	16	*	39	45	*	-	-	-	-
512 Überwachung,WartungVerkehrsinfrastruktur	37,305	36,110	1,195	36,051	1,249	3,239	25,804	8,144	118	36	1,515	1,468	47
5121 Straßen- und Tunnelwärter/innen	26,385	25,803	582	25,997	386	2,622	18,148	5,557	58	26	1,378	1,341	37
5122 Überwach.,Wartung Eisenbahninfrastruktur	9,232	8,727	505	8,454	776	575	6,493	2,113	51	7	130	*	*
5123 Berufe in der Flugsicherungstechnik	557	524	33	479	77	*	431	98	*	-	*	*	*
5124 Wasserstraßen- und Brückenwärter/innen	505	464	41	500	5	11	298	190	6	*	*	-	*
5129 Aufsicht - Überw.,Wart.Verkehrsinfraktur	626	592	34	621	5	*	434	186	*	*	*	*	-
513 Lagerwirt.,Post,Zustellung,Güterumschlag	1,599,559	1,160,526	439,033	1,286,107	312,539	165,397	1,128,285	289,904	15,973	2,412	37,362	32,555	4,807
5131 Berufe in der Lagerwirtschaft	1,332,241	999,741	332,500	1,051,014	280,443	144,368	947,777	232,408	7,688	1,828	33,722	29,807	3,915
5132 Berufe für Post- und Zustelldienste	222,168	121,143	101,025	193,798	28,254	19,688	148,143	46,287	8,050	513	3,218	2,388	830
5133 Berufe im Güter- und Warenumschlag	17,305	14,692	2,613	15,030	2,270	1,095	13,059	3,082	69	21	364	308	56
5139 Aufsicht,Führung-Lagerw.Zustell.Güterum.	27,845	24,950	2,895	26,265	1,572	246	19,306	8,127	166	50	58	52	6
514 Servicekräfte im Personenverkehr	59,544	17,666	41,878	51,538	8,003	6,291	47,392	5,690	171	41	1,268	551	717
5141 Servicefachkräfte Straßen-,Schienenverk.	14,276	6,687	7,589	13,140	1,136	1,861	9,671	2,647	97	20	1,091	507	584
5142 Servicefachkräfte im Luftverkehr	42,539	9,373	33,166	35,960	6,576	4,410	35,556	2,504	69	*	177	44	133
5143 Servicefachkräfte im Schiffsverkehr	327	213	114	182	145	*	233	88	*	*	-	-	-
5149 Aufsicht-Personenverkehr(Servicebereich)	2,402	1,393	1,009	2,256	146	*	1,932	451	*	*	-	-	-
515 Überwachung u. Steuerung Verkehrsbetrieb	52,039	41,769	10,270	49,243	2,784	1,800	37,044	12,811	384	98	221	171	50
5150 Berufe Überwachung Verkehrsbetrieb (oS)	5,317	3,897	1,420	5,119	198	164	4,022	1,076	55	13	83	69	14
5151 Berufe Überwachung Straßenverkehrsbetr.	6,813	5,426	1,387	6,589	221	155	4,768	1,862	28	8	*	*	-
5152 Berufe Überwachung Eisenbahnverkehrsbetr	10,476	9,160	1,316	9,709	765	318	6,910	3,203	45	16	37	*	*
5153 Berufe Überwachung Luftverkehrsbetrieb	8,248	5,810	2,438	7,375	873	511	6,721	998	18	8	88	55	33
5154 Berufe Überwachung Schiffsverkehrsbetr.	1,314	1,199	115	1,281	31	6	887	404	17	*	*	*	-
5158 Berufe Überwachung Verkehrsbetrieb (ssT)	291	249	42	270	21	3	201	84	3	*	-	-	-
5159 Aufsicht,Führung-Überwach. Verkehrsbetr.	19,580	16,028	3,552	18,900	675	643	13,535	5,184	218	48	7	*	*
516 Kaufleute - Verkehr und Logistik	188,888	121,156	67,732	172,880	15,938	24,529	137,520	26,039	800	184	16,096	9,828	6,268
5161 Verkehrskaufleute	517	324	193	498	19	40	390	83	4	-	*	*	17
5162 Speditions- und Logistikkaufleute	149,707	94,410	55,297	136,099	13,550	22,226	108,516	18,382	583	132	14,900	9,190	5,710
5163 Straßen- und Schienenverkehrskaufleute	13,062	9,925	3,137	12,226	830	541	10,328	2,098	95	15	44	31	13
5164 Luftverkehrskaufleute	2,347	1,491	856	1,977	370	221	1,748	365	13	5	155	65	90
5165 Schifffahrtskaufleute	5,367	3,089	2,278	5,042	323	1,092	3,587	653	35	6	829	447	382
5166 Kurier-Express-Postdienstleistungskaufl.	8,127	3,380	4,747	7,685	438	379	5,529	2,194	25	11	137	81	56
5169 Führung-Verkehr,Logistik (kaufm.Bereich)	9,761	8,537	1,224	9,353	408	30	7,422	2,264	45	15	*	*	-
52 Führer von Fahrzeug- u. Transportgeräten	1,083,381	1,028,427	54,954	920,266	161,778	37,331	745,159	268,676	32,215	2,680	9,856	9,215	641
521 Fahrzeugführung im Straßenverkehr	890,473	840,011	50,462	749,266	139,924	28,911	606,384	224,404	30,774	2,396	8,083	7,512	571
5211 Berufskraftfahrer(Personentransport/PKW)	80,933	69,162	11,771	68,479	11,893	2,168	47,578	24,307	6,880	458	32	27	5
5212 Berufskraftfahrer (Güterverkehr/LKW)	555,505	546,075	9,430	469,114	85,981	14,040	387,222	141,542	12,701	1,288	6,264	6,020	244
5213 Bus-, Straßenbahnfahrer/innen	123,518	108,634	14,884	106,889	16,575	2,605	80,303	35,235	5,375	385	1,496	1,211	285
5218 Fahrzeugführer im Straßenverkehr(s.s.T.)	130,517	116,140	14,377	104,784	25,475	10,098	91,281	23,320	5,818	265	291	254	37
522 Fahrzeugführung im Eisenbahnverkehr	29,295	28,169	1,126	28,109	1,183	1,673	22,352	5,197	73	31	334	325	9
5220 Triebfahrzeugführer Eisenbahnverkehr(oS)	29,295	28,169	1,126	28,109	1,183	1,673	22,352	5,197	73	31	334	325	9
523 Fahrzeugführung im Flugverkehr	11,545	10,805	740	10,156	1,377	203	10,136	1,184	22	10	*	*	-
5231 Piloten und Verkehrsflugzeugführer	10,881	10,155	726	9,529	1,340	*	9,660	1,000	*	*	*	*	-
5238 Fahrzeugführer im Flugverkehr (s.s.T.)	664	650	14	627	37	*	476	184	*	*	-	-	-
524 Fahrzeugführung im Schiffsverkehr	7,907	7,493	414	6,523	1,382	536	5,171	1,963	237	36	331	295	36
5241 Nautische Schiffsoffiziere und Kapitäne	3,510	3,332	178	3,009	501	69	2,578	776	87	18	*	*	-
5242 Schiffsführer Binnen-,Hafenverkehr	4,397	4,161	236	3,514	881	467	2,593	1,187	150	18	*	*	36
525 Bau- und Transportgeräteführung	144,161	141,949	2,212	126,212	17,912	6,008	101,116	35,928	1,109	207	1,106	1,081	25
5251 Führer land-,forstwirtschaftl. Maschinen	9,826	9,681	145	9,312	511	727	6,784	2,186	129	16	30	*	*
5252 Führer Erdbewegungs-,verwandte Maschinen	47,500	47,369	131	44,323	3,166	2,423	30,838	13,667	572	79	1,024	1,006	18
5253 Kranführer, Bediener Hebeeinrichtungen	84,428	82,550	1,878	70,213	14,192	2,851	62,009	19,178	390	107	52	*	*
5259 Aufsicht - Bau-, Transportgeräteführung	2,407	2,349	58	2,364	43	7	1,485	897	18	5	-	-	-
53 Schutz-,Sicherheits-, Überwachungsberufe	347,662	252,019	95,643	310,895	36,371	20,512	233,481	84,196	9,473	1,026	4,809	3,612	1,197
531 Obj.-,Pers.-,Brandschutz,Arbeitssicherh.	328,479	241,544	86,935	292,372	35,722	19,708	220,507	79,027	9,237	980	4,481	3,421	1,060
5311 Berufe im Objekt-,Werte-, Personenschutz	237,900	167,528	70,372	207,572	30,028	14,041	156,273	59,375	8,211	771	2,242	1,767	475
5312 Berufe Arbeitssicherh. Sicherheitstech.	41,020	35,474	5,546	38,032	2,938	1,776	29,511	9,119	614	123	567	463	104
5313 Berufe im Brandschutz	15,109	14,523	586	14,658	447	780	10,928	3,332	69	17	235	221	14
5314 Berufe in der Badeaufsicht	11,777	7,159	4,618	11,197	577	2,336	7,778	1,598	65	18	1,344	902	442
5315 Detektive/Detektivinnen	2,644	2,255	389	2,086	545	156	2,061	389	38	3	10	4	6
5316 Inkassobeauftragte	1,345	686	659	1,300	45	41	854	427	23	5	8	3	5
5318 Obj.Pers.Brandschutz,Arbeitssicherh(ssT)	9,673	6,180	3,493	9,305	366	268	6,905	2,435	65	22	25	25	-
5319 Aufsicht,Führung-Objekt-,Brandschutz	9,011	7,739	1,272	8,222	776	310	6,197	2,352	152	21	50	36	14
532 Polizei,Kriminald.,Gerichts,Justizvollz.	6,283	3,767	2,516	6,159	123	345	3,878	2,003	57	13	27	12	15
5321 Berufe im Polizeivollzugsdienst	1,920	932	988	1,872	48	26	1,029	851	14	7	4	*	*
5322 Berufe im Kriminaldienst	480	176	304	471	8	*	287	185	*	*	*	-	*
5323 Berufe im Gerichtsvollzug	1,369	986	383	1,351	18	*	848	476	*	*	20	9	11
5324 Berufe im Justizvollzugsdienst	2,514	1,673	841	2,465	49	*	1,714	491	*	*	*	*	*
533 Gewerbe,Gesundheitsaufsicht,Desinfektion	12,900	6,708	6,192	12,364	526	459	9,096	3,166	179	33	301	179	122
5331 Berufe in der Gewerbeaufsicht	656	487	169	629	27	*	472	169	*	*	-	-	-
5332 Gesundheitsaufsicht, Hygieneüberwachung	5,816	1,555	4,261	5,501	309	196	4,127	1,444	49	10	125	37	88
5333 Berufe in der Lebensmittelkontrolle	4,035	2,571	1,464	3,960	75	51	2,690	1,186	108	19	*	*	*
5334 Berufe Desinfektion,Schädlingsbekämpfung	2,332	2,051	281	2,218	110	199	1,767	350	16	*	133	*	*
5339 Aufsicht,Führung-Gewerbe,Gesundheitsauf.	61	44	17	56	5	*	40	17	*	-	*	-	*
54 Reinigungsberufe	827,784	202,114	625,670	575,990	251,155	31,965	553,558	229,587	12,674	2,459	2,645	2,063	582
541 Reinigung	827,784	202,114	625,670	575,990	251,155	31,965	553,558	229,587	12,674	2,459	2,645	2,063	582
5410 Berufe in der Reinigung (o.S.)	640,054	112,474	527,580	440,273	199,327	21,300	423,568	184,801	10,385	2,051	652	468	184
5411 Berufe in der Gebäudereinigung	102,689	39,690	62,999	70,699	31,893	5,708	70,797	24,979	1,205	206	1,599	1,327	272
5412 Berufe in der Glas-, Fensterreinigung	5,382	4,891	491	4,256	1,119	332	4,173	846	31	8	113	92	21
5413 Berufe in der Textilreinigung	25,425	4,373	21,052	20,455	4,947	968	16,237	7,851	369	71	182	83	99
5414 Berufe i.d. Maschinen-, Anlagenreinigung	10,730	9,908	822	7,783	2,942	613	7,799	2,196	122	19	31	31	-
5415 Berufe in der Fahrzeugreinigung	28,860	25,919	2,941	19,831	8,985	2,907	21,226	4,433	294	39	62	*	*
5418 Berufe in der Reinigung (s.s.T.)	4,884	486	4,398	4,394	487	32	2,609	2,145	98	40	3	*	*
5419 Aufsicht - Reinigung	9,760	4,373	5,387	8,299	1,455	105	7,149	2,336	170	25	3	*	*
61 Einkaufs-, Vertriebs- und Handelsberufe	953,929	595,083	358,846	905,910	47,731	83,616	714,102	148,625	7,586	1,496	49,482	27,121	22,361
611 Einkauf und Vertrieb	708,069	461,642	246,427	670,685	37,164	22,718	559,696	119,783	5,872	1,217	2,538	1,334	1,204
6111 Berufe im Einkauf	118,887	60,703	58,184	112,568	6,294	4,291	96,646	17,516	434	124	200	92	108
6112 Berufe im Vertrieb (außer IKT)	474,698	310,504	164,194	451,361	23,185	16,270	373,308	80,738	4,382	861	1,924	962	962
6113 Handelsmakler/innen u. Auktionator/innen	1,867	1,143	724	1,782	84	77	1,429	322	39	3	*	*	15
6114 Kaufleute im Automatenservice	5,321	3,654	1,667	4,583	737	466	3,839	956	60	10	302	220	82
6115 Berufe im Geld- und Pfandverleih	201	72	129	187	13	10	155	32	4	-	*	*	-
6116 Berufe im Verleih (außer Geld u. Pfand)	7,129	4,187	2,942	6,475	652	816	5,714	558	41	5	53	25	28
6119 Führung - Einkauf und Vertrieb	99,966	81,379	18,587	93,729	6,199	788	78,605	19,661	912	214	32	23	9
612 Handel	174,813	99,943	74,870	166,384	8,393	50,769	105,887	17,193	964	169	39,592	22,791	16,801
6120 Kaufleute im Handel (o.S.)	18,338	9,379	8,959	17,328	1,007	3,932	12,405	1,920	81	15	3,720	1,495	2,225
6121 Kaufleute im Groß- und Außenhandel	146,845	84,518	62,327	139,914	6,899	46,067	86,264	13,731	783	134	35,358	21,056	14,302
6128 Kaufleute im Handel (s.s.T.)	7,922	4,721	3,201	7,555	366	759	5,946	1,142	75	14	509	240	269
6129 Führung - Handel	1,708	1,325	383	1,587	121	11	1,272	400	25	6	5	-	5
613 Immobilienwirtschaft,Facility-Management	71,047	33,498	37,549	68,841	2,174	10,129	48,519	11,649	750	110	7,352	2,996	4,356
6131 Berufe Immobilienvermarktung,-verwaltung	60,767	26,119	34,648	59,083	1,655	9,918	41,099	9,080	670	96	7,308	2,967	4,341
6132 Berufe im Facility-Management	8,169	5,900	2,269	7,713	454	180	5,892	2,033	64	*	38	26	12
6139 Führung-Immobilienwirt., Facility-Manag.	2,111	1,479	632	2,045	65	31	1,528	536	16	*	6	3	3
62 Verkaufsberufe	2,124,011	571,399	1,552,612	1,937,482	185,229	307,684	1,465,442	337,106	13,779	2,575	140,644	57,330	83,314
621 Verkauf (ohne Produktspezialisierung)	1,255,981	352,635	903,346	1,138,397	116,850	172,075	878,856	197,070	7,980	1,535	70,567	32,807	37,760
6210 Berufe im Verkauf (ohne Produktspezial.)	1,008,373	262,710	745,663	907,985	99,751	157,295	693,696	150,937	6,445	1,186	67,887	31,599	36,288
6211 Kassierer/innen, Kartenverkäufer/innen	106,449	13,961	92,488	97,800	8,600	10,204	72,927	22,584	734	180	2,296	1,022	1,274
6212 Verkaufsstand-, Marktverkäufer/innen	14,643	12,536	2,107	13,349	1,288	421	10,364	3,681	177	17	16	13	3
6218 Berufe im Verkauf (o. Produktspez.)(ssT)	27,340	15,300	12,040	25,861	1,466	1,729	20,902	4,557	152	33	84	31	53
6219 Aufsicht und Führung - Verkauf	99,176	48,128	51,048	93,402	5,745	2,426	80,967	15,311	472	119	284	142	142
622 Verkauf Bekleid.,Elektro,KFZ,Hartwaren	409,779	166,719	243,060	378,125	31,402	66,652	277,616	62,453	3,058	508	32,917	15,632	17,285
6221 Berufe im Verkauf (Bekleid.,Leder,Sport)	153,429	19,123	134,306	135,307	18,020	26,553	99,780	25,929	1,167	213	8,948	2,189	6,759
6222 Berufe im Verkauf (Schmuck, Uhren)	12,511	1,440	11,071	11,272	1,224	1,619	8,298	2,432	162	23	753	98	655
6223 Berufe im Verkauf (Büro, Geschenk,Spiel)	14,451	2,929	11,522	13,678	760	1,899	9,755	2,650	147	27	1,035	390	645
6224 Berufe im Verkauf (Elektro,Haushaltsw.)	20,313	12,263	8,050	18,869	1,417	3,519	14,170	2,485	139	16	1,895	1,304	591
6225 Berufe im Verkauf (Möbel, Einrichtung)	42,159	18,423	23,736	39,781	2,372	5,593	29,219	6,883	464	68	3,055	1,371	1,684
6226 Berufe im Verkauf (Garten, Heimwerk.)	63,518	37,795	25,723	61,399	2,109	7,260	46,583	9,386	289	65	3,309	2,014	1,295
6227 Berufe im Verkauf (KFZ, Zweirad,Zubehör)	85,599	66,780	18,819	81,221	4,339	17,655	57,909	9,547	488	74	12,458	7,451	5,007
6228 Berufe im Verkauf (ssT)	17,799	7,966	9,833	16,598	1,161	2,554	11,902	3,141	202	22	1,464	815	649
623 Verkauf von Lebensmitteln	341,617	43,635	297,982	312,490	28,869	51,355	228,124	60,029	2,109	401	26,900	7,903	18,997
6230 Berufe im Verkauf von Lebensmitteln (oS)	90,241	26,168	64,073	77,939	12,202	17,034	58,610	14,117	480	104	11,380	5,732	5,648
6231 Berufe Verkauf Back-, Konditoreiwaren	166,428	7,630	158,798	152,872	13,435	26,438	110,014	28,929	1,047	193	11,581	997	10,584
6232 Berufe im Verkauf von Fleischwaren	72,766	5,973	66,793	70,345	2,393	6,577	51,124	14,622	443	82	3,372	908	2,464
6238 Berufe Verkauf von Lebensmitteln (s.s.T)	12,182	3,864	8,318	11,334	839	1,306	8,376	2,361	139	22	567	266	301
624 Verkauf drog.apotheken.Waren,Medizinbed.	103,867	5,788	98,079	95,993	7,822	16,412	71,797	15,141	517	110	9,061	726	8,335
6241 Verkauf drogerie-,apothekenübliche Waren	93,417	3,631	89,786	85,812	7,555	15,576	64,252	13,158	431	94	8,640	630	8,010
6242 Berufe Verkauf Sanitäts-, Medizinbedarf	10,450	2,157	8,293	10,181	267	836	7,545	1,983	86	16	421	96	325
625 Buch-Kunst-Antiquitäten-,Musikfachhandel	12,767	2,622	10,145	12,477	286	1,190	9,049	2,413	115	21	1,199	262	937
6251 Berufe im Buchhandel	11,409	1,939	9,470	11,210	197	1,060	8,039	2,217	93	*	1,116	199	917
6252 Berufe im Kunst- und Antiquitätenhandel	713	241	472	650	62	36	560	105	12	*	5	*	*
6253 Berufe im Musikfachhandel	645	442	203	617	27	94	450	91	10	-	78	*	*
63 Tourismus-, Hotel- und Gaststättenberufe	755,540	254,216	501,324	571,283	182,753	136,044	530,147	84,068	5,281	847	55,212	20,305	34,907
631 Tourismus und Sport	81,355	21,591	59,764	76,097	5,207	17,720	54,241	8,841	553	93	14,161	5,353	8,808
6311 Tourismuskaufleute	57,176	10,090	47,086	53,894	3,248	8,976	41,511	6,407	282	55	6,555	1,171	5,384
6312 Sport-, Fitnesskaufleute, Sportmanager	13,195	7,290	5,905	12,604	580	7,737	5,014	410	34	5	7,540	4,153	3,387
6313 Animateur/innen, Gästebetreuer/innen	7,749	2,563	5,186	6,625	1,122	869	5,323	1,426	131	21	60	*	*
6314 Reiseleiter/innen, Fremdenführer/innen	1,293	573	720	1,159	131	82	839	287	85	9	*	*	*
6319 Führung - Tourismus und Sport	1,942	1,075	867	1,815	126	56	1,554	311	21	3	*	-	*
632 Hotellerie	174,266	41,608	132,658	133,307	40,747	36,689	116,310	19,808	1,459	191	22,671	7,357	15,314
6321 Hotelkaufleute	7,734	2,318	5,416	7,103	626	1,839	5,151	677	67	8	1,486	505	981
6322 Berufe im Hotelservice	147,191	32,665	114,526	109,476	37,521	34,268	95,797	15,966	1,160	148	21,046	6,817	14,229
6329 Aufsicht und Führung - Hotellerie	19,341	6,625	12,716	16,728	2,600	582	15,362	3,165	232	35	139	35	104
633 Gastronomie	470,037	178,649	291,388	334,126	134,685	73,578	340,127	53,273	3,059	525	13,812	5,948	7,864
6330 Berufe im Gastronomieservice (o.S.)	400,581	144,124	256,457	283,775	115,681	62,543	289,013	46,327	2,698	457	10,622	4,334	6,288
6331 Berufe in der Systemgastronomie	27,023	12,519	14,504	16,921	10,064	6,519	18,481	1,963	60	15	2,719	1,379	1,340
6332 Barkeeper/innen	9,583	6,887	2,696	6,143	3,420	1,827	7,323	401	32	4	81	38	43
6338 Berufe in der Gastronomie (s.s.T.)	14,018	4,929	9,089	10,893	3,105	2,046	10,084	1,809	79	19	192	100	92
6339 Aufsicht und Führung - Gastronomie	18,832	10,190	8,642	16,394	2,415	643	15,226	2,773	190	30	198	97	101
634 Veranstaltungsservice, -management	29,882	12,368	17,514	27,753	2,114	8,057	19,469	2,146	210	38	4,568	1,647	2,921
6340 Berufe im Veranstaltungsservice,-manag.	29,882	12,368	17,514	27,753	2,114	8,057	19,469	2,146	210	38	4,568	1,647	2,921
71 Berufe Unternehmensführung,-organisation	4,095,699	1,458,806	2,636,893	3,885,603	208,485	315,100	2,953,494	781,712	45,393	8,011	154,694	55,975	98,719
711 Geschäftsführung und Vorstand	196,386	153,694	42,692	181,422	14,813	1,173	137,878	48,988	8,347	919	69	40	29
7110 Geschäftsführer/innen und Vorstände	196,386	153,694	42,692	181,422	14,813	1,173	137,878	48,988	8,347	919	69	40	29
712 Angeh. gesetzgeb. Körp., Interessenorg.	21,823	15,149	6,674	21,334	488	74	10,870	9,771	1,108	164	14	7	7
7121 Angehörige gesetzgebender Körperschaften	3,037	2,500	537	3,024	13	19	936	1,244	838	72	10	*	*
7122 Leit. Bedienstete Interessenorganisation	6,674	4,477	2,197	6,572	102	29	3,963	2,530	152	40	-	-	-
7123 Betriebsinterne Wahlämter	12,112	8,172	3,940	11,738	373	26	5,971	5,997	118	52	4	*	*
713 Unternehmensorganisation und -strategie	1,578,191	806,120	772,071	1,498,329	79,474	132,554	1,172,417	262,986	10,234	2,402	73,126	32,148	40,978
7130 Berufe kaufm.,techn.Betriebswirtsch.(oS)	975,577	370,897	604,680	929,608	45,714	123,953	691,925	153,540	6,159	1,295	72,495	31,825	40,670
7131 Berufe Unternehmensorganisation,-planung	50,245	32,547	17,698	47,141	3,095	868	41,169	7,795	413	71	89	50	39
7132 Berufe in der Unternehmensberatung	67,550	48,686	18,864	61,395	6,135	2,448	59,373	5,350	379	56	165	90	75
7133 Berufe in der Wirtschaftsförderung	686	353	333	669	17	*	544	103	*	*	28	13	15
7138 Berufe Unternehmensorga.,strategie (ssT)	5,310	2,928	2,382	4,861	448	*	4,286	851	*	*	46	18	28
7139 Aufsicht,Führung-Unternehmensorg,strateg	478,823	350,709	128,114	454,655	24,065	5,117	375,120	95,347	3,239	973	303	152	151
714 Büro und Sekretariat	2,089,186	425,488	1,663,698	1,981,838	106,310	171,867	1,464,886	427,491	24,942	4,271	77,869	22,618	55,251
7140 Büro- und Sekretariatskräfte (o.S.)	1,990,435	413,164	1,577,271	1,888,882	100,563	170,265	1,400,174	396,308	23,688	3,948	77,618	22,558	55,060
7141 Fremdsprachensekretäre,-korrespondenten	9,690	989	8,701	8,735	951	362	7,092	2,113	123	30	70	15	55
7142 Dolmetscher/innen und Übersetzer/innen	8,843	2,951	5,892	5,940	2,877	363	7,047	1,322	111	27	41	13	28
7143 Steno-, Phonotypisten/-typistinnen	56,863	1,813	55,050	55,994	863	436	33,824	22,092	511	200	33	9	24
7144 Kodierer,Korrekturleser,verw.Bürokräfte	3,472	800	2,672	3,351	121	40	2,688	714	30	4	*	-	*
7145 Berufe i.d. Auskunft, Kundeninformation	3,039	935	2,104	2,866	167	150	2,208	663	18	5	*	3	*
7149 Aufsicht - Büro und Sekretariat	16,844	4,836	12,008	16,070	768	251	11,853	4,279	461	57	91	20	71
715 Personalwesen und -dienstleistung	210,113	58,355	151,758	202,680	7,400	9,432	167,443	32,476	762	255	3,616	1,162	2,454
7151 Berufe Personalentwickl.,-sachbearbeit.	89,763	17,072	72,691	86,627	3,123	3,972	71,515	13,972	304	75	425	*	*
7152 Berufe in der Personaldienstleistung	104,712	33,841	70,871	100,904	3,793	5,425	84,296	14,656	335	141	3,184	1,026	2,158
7159 Führung - Personalwesen, -dienstleistung	15,638	7,442	8,196	15,149	484	35	11,632	3,848	123	39	7	*	*
72 Finanzdienstl.Rechnungsw.,Steuerberatung	1,392,607	533,804	858,803	1,344,775	47,617	114,278	1,024,647	245,687	7,995	1,684	67,155	29,287	37,868
721 Versicherungs- u. Finanzdienstleistungen	767,017	337,743	429,274	743,762	23,188	78,074	555,034	132,267	1,642	607	46,929	22,997	23,932
7211 Bankkaufleute	488,830	196,771	292,059	477,436	11,375	54,450	345,591	88,265	524	301	31,910	15,011	16,899
7212 Anlageberater u. sonst. Finanzdienstl.	36,754	20,684	16,070	34,787	1,953	1,534	30,191	4,751	278	39	535	309	226
7213 Versicherungskaufleute	195,701	90,688	105,013	189,095	6,585	20,845	142,252	31,888	716	211	14,283	7,584	6,699
7214 Finanzanalysten/innen	18,551	11,279	7,272	16,140	2,402	481	16,479	1,563	28	14	13	*	*
7218 Berufe Versicherungs,Finanzdienstl.(ssT)	8,081	3,396	4,685	7,622	456	597	6,382	1,093	9	4	185	83	102
7219 Führung-Versicherung-,Finanzdienstleist.	19,100	14,925	4,175	18,682	417	167	14,139	4,707	87	38	3	*	*
722 Rechnungswesen, Controlling und Revision	444,848	152,337	292,511	425,721	19,023	10,297	338,193	91,545	4,813	848	1,205	513	692
7221 Berufe in der Buchhaltung	288,304	60,430	227,874	277,370	10,854	5,926	209,238	69,195	3,945	634	689	233	456
7222 Berufe in Kostenrechnung und Kalkulation	21,265	13,673	7,592	20,568	695	386	15,406	5,237	236	53	14	*	*
7223 Berufe im Controlling	80,636	44,335	36,301	75,788	4,832	1,963	70,614	7,858	201	53	166	101	65
7224 Berufe in Wirtschaftsprüfung	29,748	18,282	11,466	28,090	1,657	1,990	24,585	3,022	151	40	332	169	163
7229 Führung-Rechnungsw.,Controlling,Revision	24,895	15,617	9,278	23,905	985	32	18,350	6,233	280	68	4	*	*
723 Steuerberatung	180,742	43,724	137,018	175,292	5,406	25,907	131,420	21,875	1,540	229	19,021	5,777	13,244
7230 Berufe in der Steuerberatung	180,742	43,724	137,018	175,292	5,406	25,907	131,420	21,875	1,540	229	19,021	5,777	13,244
73 Berufe in Recht und Verwaltung	1,034,993	251,654	783,339	1,010,437	24,378	86,513	719,498	223,252	5,730	2,093	57,112	13,635	43,477
731 Rechtsberatung, -sprechung und -ordnung	180,565	45,333	135,232	174,570	5,927	20,241	143,153	16,255	916	164	19,420	3,350	16,070
7310 Rechtsberatung, -sprechung,-ordnung(oS)	17,571	7,777	9,794	16,957	608	408	16,237	875	51	8	3,167	1,282	1,885
7311 Assistenz Rechtsanwaltskanzlei,Notariat	97,576	5,819	91,757	94,166	3,359	19,296	68,148	9,610	522	80	13,788	1,102	12,686
7312 Notare/Notarinnen	2,753	1,443	1,310	2,701	51	42	2,514	159	38	4	144	47	97
7313 Rechtsanwälte/-anwältinnen	32,471	17,351	15,120	31,563	903	189	30,279	1,839	164	27	981	378	603
7314 Staatsanwälte/-anwältinnen	*	*	8	*	4	*	15	*	-	-	*	-	*
7315 Richter/innen	44	18	26	*	*	*	33	*	*	-	*	*	*
7316 Berufe im Verfassungsschutz	*	*	-	-	*	*	-	-	-	-	*	*	-
7318 Rechtsberatung,-sprechung,-ordnung (ssT)	28,808	11,943	16,865	27,840	963	301	24,978	3,401	128	41	1,320	536	784
7319 Führung-Rechtsberatung,sprechung,ordnung	1,322	970	352	1,286	36	*	949	360	*	4	-	-	-
732 Verwaltung	800,090	193,113	606,977	783,336	16,657	63,723	539,757	192,229	4,381	1,725	36,303	9,963	26,340
7320 Berufe i.d. öffentlichen Verwaltung (oS)	499,315	129,828	369,487	489,310	9,944	36,965	332,628	126,832	2,890	1,237	20,113	5,973	14,140
7321 Berufe Sozialverwaltung, versicherung	136,610	30,878	105,732	134,254	2,342	14,910	96,565	24,970	165	122	8,559	2,266	6,293
7322 Verwalt. Berufe Sozial-,Gesundheitswesen	86,300	11,416	74,884	83,867	2,418	7,163	59,228	19,257	652	149	5,048	1,228	3,820
7323 Berufe in der Steuerverwaltung	2,234	560	1,674	2,201	33	72	1,338	794	30	*	7	-	7
7324 Berufe im Zolldienst	1,351	586	765	1,256	95	64	1,057	225	5	*	9	*	*
7325 Berufe in der Justizverwaltung	17,454	1,255	16,199	17,177	276	2,681	10,934	3,793	46	29	1,770	283	1,487
7328 Berufe öffentliche Verwaltung (s.s.T.)	40,237	8,255	31,982	39,329	906	1,827	27,151	10,951	308	93	793	208	585
7329 Aufsicht und Führung - Verwaltung	16,589	10,335	6,254	15,942	643	41	10,856	5,407	285	83	4	*	*
733 Medien-Dokumentations-Informationsdienst	54,338	13,208	41,130	52,531	1,794	2,549	36,588	14,768	433	204	1,389	322	1,067
7331 Berufe im Archivwesen	9,666	3,163	6,503	9,393	272	351	5,813	3,377	125	44	160	40	120
7332 Berufe im Bibliothekswesen	23,465	4,282	19,183	22,893	571	1,379	14,563	7,315	208	126	915	192	723
7333 Berufe Dokumentations,Informationsdienst	11,229	4,161	7,068	10,657	568	617	8,250	2,308	54	16	281	81	200
7334 Berufe i.d. medizinischen Dokumentation	8,391	1,246	7,145	8,020	364	188	7,082	1,104	17	4	28	*	*
7339 Führung-Medien-Dokument.-,Informationsd.	1,587	356	1,231	1,568	19	14	880	664	29	14	5	*	*
81 Medizinische Gesundheitsberufe	2,461,074	423,735	2,037,339	2,305,984	154,079	311,678	1,758,654	372,697	18,045	3,304	169,925	20,997	148,928
811 Arzt- und Praxishilfe	633,009	10,237	622,772	599,135	33,473	126,755	424,702	79,249	2,303	487	74,737	1,521	73,216
8110 Medizinische Fachangestellte (o.S.)	392,446	4,066	388,380	375,221	17,010	67,245	265,376	58,053	1,772	384	38,721	716	38,005
8111 Zahnmedizinische Fachangestellte	204,697	1,432	203,265	189,711	14,811	51,304	136,223	16,775	395	65	30,443	495	29,948
8112 Podologen/Podologinnen	5,000	398	4,602	4,715	281	279	3,891	792	38	*	48	*	*
8113 Orthoptisten/Orthoptistinnen	1,338	59	1,279	1,305	33	115	954	255	14	*	46	*	*
8114 Tiermedizinische Fachangestellte	18,416	1,613	16,803	18,103	307	7,350	10,161	864	41	9	5,319	280	5,039
8118 Medizinische Fachangestellte (s.s.T.)	11,112	2,669	8,443	10,080	1,031	462	8,097	2,510	43	19	160	24	136
812 Medizinisches Laboratorium	98,106	12,169	85,937	94,033	4,049	5,585	69,732	22,020	769	171	1,107	69	1,038
8121 Medizinisch-techn.Berufe im Laboratorium	67,439	6,276	61,163	64,680	2,740	3,829	47,041	16,083	486	128	939	48	891
8122 Medizin-tech. Berufe Funktionsdiagnostik	3,595	766	2,829	3,514	81	*	2,709	704	*	*	35	8	27
8123 Medizinisch-technische Berufe Radiologie	25,735	4,785	20,950	24,570	1,161	1,531	19,013	4,952	239	37	118	10	108
8124 Medizin.-techn. Berufe Veterinärmedizin	724	102	622	684	39	*	571	97	*	-	15	3	12
8129 Führung - Medizinisches Laboratorium	613	240	373	585	28	*	398	184	*	*	-	-	-
813 Gesundh.,Krankenpfl.,Rettungsd.Geburtsh.	1,044,369	201,001	843,368	978,258	65,805	152,610	709,880	178,204	3,675	1,008	91,127	18,717	72,410
8130 Berufe Gesundheits-, Krankenpflege (o.S)	840,279	128,678	711,601	779,928	60,083	128,477	564,403	144,281	3,118	854	80,190	15,149	65,041
8131 Berufe in der Fachkrankenpflege	72,878	14,604	58,274	70,486	2,378	2,175	55,611	14,891	201	51	630	132	498
8132 Berufe in der Fachkinderkrankenpflege	5,295	214	5,081	5,200	95	286	4,125	872	12	*	44	5	39
8133 Berufe operations-/med.-techn. Assistenz	12,155	2,622	9,533	11,532	619	5,092	6,777	277	9	*	4,101	820	3,281
8134 Berufe im Rettungsdienst	59,449	45,476	13,973	58,508	929	14,202	40,503	4,622	122	23	3,956	2,546	1,410
8135 Berufe Geburtshilfe, Entbindungspflege	11,127	19	11,108	10,547	578	1,959	7,710	1,422	36	19	1,983	3	1,980
8138 Berufe Gesundheits-, Krankenpflege (ssT)	5,875	1,236	4,639	5,676	199	208	4,030	1,620	17	5	120	32	88
8139 Aufsicht,Führung-Krankenpfl.,Rettungsd.	37,311	8,152	29,159	36,381	924	211	26,721	10,219	160	51	103	30	73
814 Human- und Zahnmedizin	258,736	122,442	136,294	224,293	34,319	468	213,832	36,488	7,948	984	101	14	87
8140 Ärzte/Ärztinnen (o. S.)	128,362	56,264	72,098	106,813	21,472	226	111,235	13,664	3,237	372	30	*	*
8141 Fachärzte i.d. Kinder- u. Jugendmedizin	5,152	1,217	3,935	4,774	377	5	4,471	502	174	16	-	-	-
8142 Fachärzte/innen in der Inneren Medizin	15,956	7,402	8,554	13,552	2,393	22	13,712	1,630	592	45	-	-	-
8143 Fachärzte/innen in der Chirurgie	12,944	8,930	4,014	11,106	1,830	23	10,622	1,822	477	55	13	5	8
8144 Fachärzte Hautkr.,Sinnes-Geschlechtsorg.	12,368	4,111	8,257	10,620	1,745	16	10,521	1,159	672	45	9	*	*
8145 Fachärzte/-ärztinnen Anästhesiologie	10,719	5,120	5,599	9,665	1,053	5	8,627	1,864	223	41	-	-	-
8146 Fachärzte Neurol.,Psychiatr.,Psychother.	9,704	3,468	6,236	8,406	1,295	9	7,999	1,444	252	27	8	*	*
8147 Zahnärzte/innen, Kieferorthopäden/innen	18,343	6,213	12,130	16,675	1,649	124	16,062	1,179	978	57	36	4	32
8148 Ärzte/Ärztinnen (s.s.T.)	11,496	4,870	6,626	10,542	953	33	7,948	3,163	352	83	*	-	*
8149 Führung - Human- und Zahnmedizin	33,692	24,847	8,845	32,140	1,552	5	22,635	10,061	991	243	*	-	*
815 Tiermedizin und Tierheilkunde	12,351	3,075	9,276	11,706	637	53	10,557	1,562	179	40	21	*	*
8150 Tierärzte/-ärztinnen (o.S.)	10,310	2,638	7,672	9,783	521	30	8,721	1,402	157	34	14	*	*
8151 Tierärzte/-ärztinnen f. Groß-, Nutztiere	902	299	603	847	53	*	782	102	*	*	-	-	-
8152 Tierärzte/ärztinnen für Haus-, Heimtiere	974	106	868	921	53	5	925	40	4	*	*	-	*
8153 Tierheilpraktiker/innen	23	*	*	23	-	*	17	*	-	-	*	-	*
8158 Berufe Tiermedizin, Tierheilkunde (ssT)	95	18	77	88	7	14	75	6	-	-	*	-	*
8159 Führung - Tiermedizin und Tierheilkunde	47	*	*	44	3	*	37	*	*	-	-	-	-
816 Psychologie, nichtärztl. Psychotherapie	38,348	8,174	30,174	36,508	1,830	494	31,863	5,580	411	111	422	64	358
8161 Berufe i.d. nicht klinischen Psychologie	2,868	793	2,075	2,662	204	87	2,367	378	36	9	9	4	5
8162 Berufe in der klinischen Psychologie	29,247	6,139	23,108	27,846	1,397	317	24,341	4,308	281	85	258	41	217
8163 Berufe nicht ärztliche Psychotherapie	6,233	1,242	4,991	6,000	229	90	5,155	894	94	17	155	19	136
817 Nicht ärztliche Therapie und Heilkunde	231,298	44,270	187,028	223,511	7,694	16,792	185,030	28,621	855	220	339	110	229
8171 Berufe in der Physiotherapie	146,838	33,435	113,403	140,852	5,925	10,363	117,832	18,066	577	132	242	91	151
8172 Berufe in der Ergotherapie	47,741	6,307	41,434	46,983	744	3,930	37,980	5,699	132	44	29	8	21
8173 Berufe in der Sprachtherapie	16,581	963	15,618	16,257	313	1,596	13,732	1,220	33	12	4	-	4
8174 Berufe in der Musik-, Kunsttherapie	2,635	527	2,108	2,519	116	*	1,944	629	*	9	*	-	*
8175 Berufe in der Heilkunde und Homöopathie	2,755	607	2,148	2,627	128	200	2,187	340	28	6	5	*	*
8176 Berufe i.d. Diät- und Ernährungstherapie	7,640	307	7,333	7,502	136	*	5,871	1,422	*	7	32	*	*
8178 Berufe nichtärztl. Therapie,Heilk.(ssT)	6,248	1,836	4,412	5,935	309	330	4,823	1,066	29	10	23	5	18
8179 Führung - Nichtärztl. Therapie,Heilkunde	860	288	572	836	23	*	661	179	*	-	*	-	*
818 Pharmazie	144,857	22,367	122,490	138,540	6,272	8,921	113,058	20,973	1,905	283	2,071	501	1,570
8180 Apotheker, Pharmazeuten	39,217	6,526	32,691	37,443	1,756	672	31,057	6,128	1,360	152	*	66	*
8181 Fachärzte/innen in der Pharmakologie	229	103	126	186	42	-	182	*	*	*	-	-	-
8182 Berufe pharmazeutisch-techn. Assistenz	73,565	2,450	71,115	71,001	2,542	7,131	56,785	9,262	387	85	1,141	93	1,048
8188 Berufe in der Pharmazie (s.s.T.)	29,690	12,413	17,277	27,886	1,800	1,111	23,383	5,107	89	32	697	342	355
8189 Führung - Pharmazie	2,156	875	1,281	2,024	132	7	1,651	*	*	*	*	-	*
82 Nichtmed.Gesundheit,Körperpfl.,Medizint.	889,804	166,986	722,818	802,158	87,030	137,322	608,522	138,579	5,381	1,069	98,096	23,503	74,593
821 Altenpflege	556,883	88,238	468,645	499,066	57,571	73,223	379,207	101,309	3,144	793	56,690	13,815	42,875
8210 Berufe in der Altenpflege (o.S.)	545,036	85,150	459,886	487,729	57,063	72,791	371,105	98,111	3,029	750	56,373	13,735	42,638
8218 Berufe in der Altenpflege (s.s.T.)	6,653	1,139	5,514	6,227	424	417	4,730	1,463	43	16	314	*	*
8219 Führung - Altenpflege	5,194	1,949	3,245	5,110	84	15	3,372	1,735	72	27	3	*	*
822 Ernährungs-,Gesundheitsberatung,Wellness	16,141	3,686	12,455	15,487	647	1,361	12,175	2,541	64	16	1,068	360	708
8221 Berufe in der Gesundheitsberatung	5,745	1,637	4,108	5,569	174	787	3,973	959	26	7	768	232	536
8222 Wellnessberufe	2,500	548	1,952	2,185	313	372	1,881	236	11	3	186	99	87
8223 Berufe in der Ernährungsberatung	1,428	122	1,306	1,385	42	132	1,061	227	8	*	106	*	*
8224 Qualitätsbeauftragte im Gesundheitswesen	4,367	986	3,381	4,298	68	22	3,494	837	14	3	-	-	-
8228 Ernährungs,Gesundheitsber.,Wellness(ssT)	2,101	393	1,708	2,050	50	48	1,766	282	5	*	8	*	*
823 Körperpflege	180,066	16,815	163,251	156,037	23,727	39,698	125,106	14,330	932	113	23,363	3,094	20,269
8231 Berufe im Friseurgewerbe	145,297	13,898	131,399	126,589	18,459	36,038	97,626	11,051	582	70	22,549	3,065	19,484
8232 Berufe in der Kosmetik	22,817	1,051	21,766	18,519	4,261	3,049	17,843	1,843	82	16	672	10	662
8233 Tätowierer/innen und Piercer/innen	910	533	377	740	169	106	789	*	*	-	21	*	*
8234 Berufe in der Maskenbildnerei	1,746	171	1,575	1,676	70	124	1,359	*	*	6	111	9	102
8239 Aufsicht - Körperpflege	9,296	1,162	8,134	8,513	768	381	7,489	1,180	246	21	10	*	*
824 Bestattungswesen	9,213	6,669	2,544	8,887	324	729	6,338	1,892	254	24	448	235	213
8240 Berufe im Bestattungswesen	8,919	6,458	2,461	*	*	725	6,140	1,820	234	*	445	*	*
8249 Aufsicht und Führung - Bestattungswesen	294	211	83	*	*	4	198	72	20	*	3	*	*
825 Medizin-, Orthopädie- und Rehatechnik	127,501	51,578	75,923	122,681	4,761	22,311	85,696	18,507	987	123	16,527	5,999	10,528
8250 Medizintechnik (o.S.)	7,721	6,216	1,505	7,346	375	251	6,055	1,361	54	16	73	40	33
8251 Berufe in der Orthopädie-, Rehatechnik	11,231	7,783	3,448	10,863	366	2,164	7,664	1,329	74	*	1,589	905	684
8252 Berufe in der Augenoptik	35,803	8,271	27,532	34,667	1,119	9,418	22,715	3,535	135	14	6,414	1,684	4,730
8253 Berufe in der Hörgeräteakustik	10,185	3,567	6,618	9,985	197	3,484	6,212	467	22	*	3,069	1,318	1,751
8254 Berufe in der Zahntechnik	50,214	19,656	30,558	47,677	2,506	6,701	32,815	10,191	507	66	5,352	2,042	3,310
8259 Aufsicht,Führung-Med-Orthopäd,Rehatechn.	12,347	6,085	6,262	12,143	198	293	10,235	1,624	195	13	30	10	20
83 Erziehung,soz.,hauswirt.Berufe,Theologie	1,681,362	274,706	1,406,656	1,587,413	93,488	173,415	1,157,350	339,907	10,690	2,841	26,683	5,715	20,968
831 Erziehung,Sozialarb.,Heilerziehungspfl.	1,421,409	241,480	1,179,929	1,361,840	59,217	159,776	994,537	260,961	6,135	1,971	22,891	5,226	17,665
8311 Berufe i.d. Kinderbetreuung, -erziehung	811,804	81,552	730,252	775,433	36,184	104,109	570,183	135,035	2,477	748	12,558	2,274	10,284
8312 Berufe i.d. Sozialarbeit,Sozialpädagogik	306,671	77,653	229,018	295,027	11,562	20,815	218,965	64,930	1,961	710	3,477	849	2,628
8313 Berufe Heilerziehungspflege, Sonderpäd.	188,730	58,737	129,993	182,335	6,359	23,413	133,910	30,609	798	251	6,290	1,957	4,333
8314 Berufe in der Haus- und Familienpflege	57,326	11,144	46,182	53,199	4,093	10,762	34,419	11,676	469	99	427	106	321
8315 Berufe Sozial-,Erziehungs-,Suchtberatung	10,857	3,162	7,695	10,441	411	447	7,643	2,659	108	37	118	34	84
8319 Aufsicht,Führung-Erziehung,Sozialarbeit	46,021	9,232	36,789	45,405	608	230	29,417	16,052	322	126	21	6	15
832 Hauswirtschaft und Verbraucherberatung	219,213	14,311	204,902	188,189	30,928	11,373	139,131	65,790	2,919	655	3,345	291	3,054
8321 Berufe in der Hauswirtschaft	205,977	13,134	192,843	175,347	30,535	11,147	130,585	61,495	2,750	611	3,290	284	3,006
8322 Berufe in der Verbraucherberatung	1,397	495	902	1,369	28	12	963	411	11	3	*	-	*
8329 Aufsicht-Hauswirtschaft,Verbraucherber.	11,839	682	11,157	11,473	365	214	7,583	3,884	158	41	*	7	*
833 Theologie und Gemeindearbeit	40,740	18,915	21,825	37,384	3,343	2,266	23,682	13,156	1,636	215	447	198	249
8331 Berufe in der Theologie	12,934	8,982	3,952	11,067	1,855	246	8,331	4,021	336	67	98	54	44
8332 Berufe in der Gemeindearbeit	10,682	4,383	6,299	10,240	441	1,641	5,725	3,092	224	41	*	*	39
8333 Angehörige geistl. Orden, Mutterhäuser	934	348	586	698	236	167	542	202	23	*	164	71	93
8338 Berufe in Theologie,Gemeindearbeit (ssT)	15,918	4,990	10,928	15,193	725	207	8,879	5,782	1,050	101	135	62	73
8339 Führung - Theologie und Gemeindearbeit	272	212	60	186	86	5	205	59	3	*	*	*	-
84 Lehrende und ausbildende Berufe	634,089	283,976	350,113	579,558	54,379	27,883	458,074	137,092	11,040	2,219	10,175	6,450	3,725
841 Lehrtätigkeit an allgemeinbild. Schulen	203,458	55,505	147,953	192,374	11,050	2,975	129,644	65,872	4,967	995	362	82	280
8411 Lehrkräfte in der Primarstufe	30,840	4,779	26,061	28,674	2,151	701	22,632	6,561	946	124	58	7	51
8412 Lehrkräfte in der Sekundarstufe	143,585	43,288	100,297	135,947	7,624	1,142	88,235	50,759	3,449	762	179	32	147
8413 Lehrkräfte an Sonderschulen	14,021	3,371	10,650	13,640	381	243	9,034	4,471	273	55	*	*	7
8414 Berufe in der Lehrerausbildung	1,564	472	1,092	1,436	128	*	1,095	344	*	8	89	28	61
8418 Lehrkräfte allgemeinbild. Schulen (ssT)	11,497	2,868	8,629	10,811	682	806	7,612	2,870	209	33	24	10	14
8419 Führung - Allgemeinbildende Schulen	1,951	727	1,224	1,866	84	*	1,036	867	*	13	*	*	-
842 Lehrt.berufsb.Fächer,betr.Ausb.,Betr.päd	97,935	46,775	51,160	94,891	3,033	1,687	63,432	30,596	2,220	429	1,139	599	540
8421 Lehrkräfte für berufsbildende Fächer	58,194	20,994	37,200	56,195	1,994	424	36,439	19,491	1,840	324	156	43	113
8422 Berufe betriebl. Ausbildung, Berufspäd.	36,207	23,785	12,422	35,243	960	1,238	24,719	9,916	334	92	956	550	406
8429 Führung - BBS, betriebl.Ausb., Betr.päd.	3,534	1,996	1,538	3,453	79	25	2,274	1,189	46	13	27	6	21
843 Lehr-,Forschungstätigkeit an Hochschulen	203,017	114,983	88,034	171,789	31,192	10,522	176,938	13,965	1,592	377	430	328	102
8430 Berufe i. d. Hochschullehre, -forschung	202,200	114,412	87,788	171,044	31,120	10,516	176,410	13,727	1,547	373	*	*	*
8439 Führung - Hochschullehre und -forschung	817	571	246	745	72	6	528	238	45	4	*	*	*
844 Lehrtätigk. außerschul.Bildungseinricht.	74,683	32,881	41,802	68,914	5,741	5,540	49,639	18,515	989	270	3,858	3,122	736
8440 Berufe in der Erwachsenenbildung (o.S.)	39,951	18,471	21,480	37,436	2,497	4,884	26,928	7,656	483	116	3,799	3,101	698
8441 Berufe in der Musikpädagogik	17,624	7,784	9,840	16,199	1,420	110	10,854	6,379	281	100	14	4	10
8442 Berufe in der Religionspädagogik	4,568	1,032	3,536	4,504	64	46	2,820	1,664	38	13	20	6	14
8443 Berufe in der Kunst-, Theaterpädagogik	1,076	298	778	1,002	74	127	724	210	15	7	3	*	*
8444 Berufe im IT-Anwendungstraining	2,442	1,701	741	2,271	168	32	1,985	409	16	4	3	3	-
8445 (Fremd-)Sprachenlehrer/innen	4,048	1,016	3,032	2,712	1,334	67	3,059	835	87	10	4	*	*
8448 Lehrkräfte außerschul.Bild.einrich.(ssT)	3,401	1,770	1,631	3,273	128	270	2,395	703	33	9	15	4	11
8449 Führung-Außerschul.Bildungseinrichtungen	1,573	809	764	1,517	56	4	874	659	36	11	-	-	-
845 Fahr-,Sportunterricht außerschul. Bild.	54,996	33,832	21,164	51,590	3,363	7,159	38,421	8,144	1,272	148	4,386	2,319	2,067
8450 Sportlehrer/innen (o.S.)	16,258	9,030	7,228	15,259	986	2,591	10,657	2,783	227	65	1,391	711	680
8451 Fahrlehrer/innen	16,052	13,890	2,162	15,193	844	295	11,556	3,292	909	60	168	*	*
8452 Fluglehrer/innen	301	285	16	274	27	7	228	51	15	*	*	*	*
8453 Tanzlehrer/innen	2,316	748	1,568	2,134	179	632	1,516	151	17	-	505	174	331
8454 Trainer/innen - Ballsportarten	1,586	1,476	110	1,402	184	97	1,294	176	19	*	*	*	-
8455 Trainer/innen - Fitness und Gymnastik	15,054	6,682	8,372	14,150	896	3,166	10,621	1,216	51	10	2,123	1,171	952
8458 Sportlehrer/innen (s.s.T.)	3,429	1,721	1,708	3,178	247	371	2,549	475	34	7	188	121	67
91 Geistes-Gesellschafts-Wirtschaftswissen.	87,400	32,273	55,127	81,308	6,061	5,830	67,583	13,403	584	171	496	187	309
911 Sprach-, Literaturwissenschaften	1,483	443	1,040	1,223	260	69	1,246	159	9	-	23	11	12
9110 Berufe in Sprach-, Literaturwissen.(oS)	1,021	279	742	836	185	61	851	104	5	-	19	*	*
9111 Berufe in der Germanistik	118	32	86	98	20	5	98	15	-	-	*	-	*
9112 Berufe in der Anglistik, Amerikanistik	72	18	54	62	10	*	65	*	*	-	*	*	-
9113 Berufe in der Romanistik	34	7	27	31	3	-	26	*	*	-	-	-	-
9114 Berufe i.d. Slawistik, verw. Bereichen	13	9	4	*	*	-	*	*	-	-	-	-	-
9115 Berufe in der Arabistik, Orientalistik	26	8	18	*	*	*	*	*	-	-	*	-	*
9116 Berufe Sprach-, Literaturwis. asiat.Raum	36	11	25	32	4	-	33	3	-	-	-	-	-
9117 Berufe in der Altphilologie	13	10	3	9	4	-	*	6	*	-	*	*	-
9118 Berufe Sprach-,Literaturwissensch. (ssT)	150	69	81	120	30	*	132	*	*	-	-	-	-
912 Geisteswissenschaften	7,890	3,949	3,941	7,179	711	836	5,987	1,017	50	21	28	17	11
9121 Berufe in Philosophie, Religion, Ethik	2,779	1,257	1,522	2,520	259	661	1,856	250	12	5	-	-	-
9122 Berufe in Geschichtswissenschaften	933	469	464	863	70	13	753	153	14	6	*	-	*
9123 Berufe in der Archäologie	1,296	760	536	1,122	174	43	1,047	199	7	*	7	*	*
9124 Berufe in Medien-, Theaterwissenschaft	2,360	1,268	1,092	2,221	139	111	1,883	354	12	4	18	*	*
9125 Berufe in der Regionalwissenschaft	341	136	205	283	58	*	300	32	*	*	*	*	-
9126 Berufe in der Anthropologie, Ethnologie	181	59	122	170	11	*	148	29	*	*	-	-	-
913 Gesellschaftswissenschaften	69,959	23,481	46,478	65,450	4,479	4,635	54,038	10,836	450	123	364	127	237
9131 Berufe in der Politologie	3,512	1,866	1,646	3,369	142	*	3,064	365	*	6	3	*	*
9132 Berufe in der Soziologie	2,656	1,024	1,632	2,494	160	55	2,081	495	25	9	10	4	6
9133 Berufe in der Erziehungswissenschaft	48,034	12,345	35,689	45,390	2,630	2,656	36,468	8,575	335	94	159	34	125
9134 Berufe in der Markt-, Meinungsforschung	13,531	7,115	6,416	12,065	1,453	867	11,406	1,210	48	7	182	79	103
9135 Berufe in der Demografie	25	9	16	25	-	*	22	*	-	-	-	-	-
9138 Berufe Gesellschaftswissenschaften (ssT)	2,201	1,122	1,079	2,107	94	1,002	997	*	*	7	10	*	*
914 Wirtschaftswissenschaften	8,068	4,400	3,668	7,456	611	290	6,312	1,391	75	27	81	32	49
9140 Berufe in Wirtschaftswissenschaften (oS)	7,362	4,056	3,306	6,866	495	223	5,739	*	*	27	58	23	35
9148 Berufe in Wirtschaftswissenschaften(ssT)	706	344	362	590	116	67	573	*	*	-	23	9	14
92 Werbung,Marketing,kaufm,red.Medienberufe	570,994	261,403	309,591	532,093	38,528	40,617	466,374	61,923	2,080	544	11,122	3,966	7,156
921 Werbung und Marketing	428,931	199,319	229,612	396,552	32,205	32,944	352,775	41,891	1,321	306	6,316	2,298	4,018
9211 Berufe in Werbung und Marketing	165,843	73,948	91,895	153,116	12,662	11,873	141,883	11,679	408	101	4,602	1,553	3,049
9212 Berufe im Dialogmarketing	148,431	60,664	87,767	137,311	11,063	16,135	115,182	16,575	539	111	1,612	704	908
9213 Berufe im Kundenmanagement	104,502	58,579	45,923	96,684	7,772	4,889	86,882	12,396	335	82	98	*	*
9219 Führung - Werbung und Marketing	10,155	6,128	4,027	9,441	708	47	8,828	1,241	39	12	4	*	*
922 Öffentlichkeitsarbeit	26,841	9,485	17,356	25,708	1,122	812	23,574	2,345	110	37	167	43	124
9220 Berufe in der Öffentlichkeitsarbeit	25,583	8,868	16,715	24,478	1,095	809	22,584	2,093	97	32	167	43	124
9229 Führung - Öffentlichkeitsarbeit	1,258	617	641	1,230	27	3	990	252	13	5	-	-	-
923 Verlags- und Medienwirtschaft	32,498	12,532	19,966	31,174	1,312	3,910	23,410	4,930	248	52	2,803	912	1,891
9230 Verlags- und Medienkaufleute (o.S.)	21,498	7,744	13,754	20,508	984	3,628	15,314	2,433	123	23	2,772	901	1,871
9238 Verlags- und Medienkaufleute (s.s.T.)	9,292	3,644	5,648	9,000	286	277	6,903	2,022	90	23	*	11	*
9239 Führung - Verlags- und Medienwirtschaft	1,708	1,144	564	1,666	42	5	1,193	475	35	6	*	-	*
924 Redaktion und Journalismus	82,724	40,067	42,657	78,659	3,889	2,951	66,615	12,757	401	149	1,836	713	1,123
9241 Redakteure/innen, Journalisten/innen	75,427	36,755	38,672	71,745	3,507	2,869	60,912	11,299	347	127	1,786	708	1,078
9242 Lektoren/innen	3,644	1,003	2,641	3,423	220	53	3,077	487	27	8	45	*	*
9243 Autoren/Autorinnen, Schriftsteller/innen	911	486	425	804	107	22	758	125	6	3	5	*	*
9249 Führung - Redaktion und Journalismus	2,742	1,823	919	2,687	55	7	1,868	846	21	11	-	-	-
93 Produktdesign, Kunsthandwerk	64,824	32,286	32,538	59,836	4,957	8,889	46,598	8,850	487	102	5,999	2,450	3,549
931 Produkt- und Industriedesign	10,013	6,494	3,519	8,260	1,744	1,282	8,119	593	19	6	813	540	273
9310 Berufe im Produkt- und Industriedesign	10,013	6,494	3,519	8,260	1,744	1,282	8,119	593	19	6	813	540	273
932 Innenarchitektur, Raumausstattung	28,198	10,920	17,278	26,616	1,567	4,442	20,297	3,283	176	37	2,872	772	2,100
9321 Berufe in der Innenarchitektur	6,158	1,770	4,388	5,787	366	202	5,212	713	31	*	38	7	31
9322 Berufe im visuellen Marketing	9,603	1,915	7,688	9,104	496	1,763	6,888	921	31	13	1,186	138	1,048
9323 Berufe in der Raumausstattung	11,709	6,805	4,904	11,015	687	2,445	7,690	1,482	92	16	1,640	624	1,016
9329 Aufsicht-Innenarchitektur,Raumausstatt.	728	430	298	710	18	32	507	167	22	*	8	3	5
933 Kunsthandwerk und bildende Kunst	7,432	3,258	4,174	6,981	449	407	5,460	1,477	88	36	148	52	96
9330 Berufe Kunsthandwerk, bildend.Kunst (oS)	4,277	1,918	2,359	4,041	235	141	3,257	826	53	25	31	5	26
9331 Berufe in der Bildhauerei	305	178	127	283	22	31	221	47	6	*	15	7	8
9332 Kunstmaler/innen, Zeichner/innen	782	391	391	711	71	54	579	136	13	5	14	6	8
9333 Berufe Drechslerei, Spielzeugherstellung	794	325	469	765	29	74	523	192	5	-	44	20	24
9334 Berufe im Vergolderhandwerk	155	51	104	151	4	28	101	*	*	*	28	9	19
9335 Berufe in der Wachszieherei	841	256	585	775	65	66	580	190	5	*	9	*	*
9338 Berufe Kunsthandwerk, bild. Kunst (ssT)	142	43	99	130	12	*	100	34	*	*	*	-	*
9339 Aufsicht - Kunsthandwerk,bildende Kunst	136	96	40	125	11	*	99	*	*	-	*	*	-
934 Kunsthandwerkl. Keramik-, Glasgestaltung	4,675	2,867	1,808	4,300	375	257	3,141	1,257	20	5	186	45	141
9341 Berufe kunsthandwerkl. Keramikgestaltung	3,091	2,261	830	2,795	296	124	2,165	796	6	*	75	18	57
9342 Berufe kunsthand.GlasKeram,Porzellanmal.	1,093	262	831	1,044	49	108	663	315	7	*	92	14	78
9343 Berufe kunsthandwerkliche Glasbläserei	355	256	99	335	20	21	230	100	4	*	15	*	*
9349 Aufsicht-Kunsthandw.Keramik,Glasgestalt.	136	88	48	126	10	4	83	46	3	-	4	*	*
935 Kunsthandwerkliche Metallgestaltung	10,891	5,945	4,946	10,358	529	2,008	7,148	1,600	135	14	1,549	730	819
9351 Berufe kunsthandwerkl. Metallgestaltung	651	561	90	611	40	90	467	89	5	*	62	56	6
9352 Kunsthandw.Schmuckherst.,Edelsteinbearb.	4,812	1,805	3,007	4,531	279	732	3,209	798	73	10	655	158	497
9353 Berufe in der Gravur	1,171	850	321	1,104	65	88	790	274	19	*	52	38	14
9354 Berufe Schilder-,Lichtreklameherstellung	3,691	2,399	1,292	3,554	137	1,072	2,276	328	15	*	761	467	294
9359 Aufsicht-Kunsthandwerkl.Metallgestaltung	566	330	236	558	8	26	406	111	23	-	19	11	8
936 Musikinstrumentenbau	3,615	2,802	813	3,321	293	493	2,433	640	49	4	431	311	120
9360 Berufe im Musikinstrumentenbau (o.S.)	617	448	169	571	46	30	429	143	15	-	19	13	6
9361 Berufe im Streich-, Zupfinstrumentenbau	446	314	132	387	59	45	348	49	4	-	27	17	10
9362 Berufe im Holzblasinstrumentenbau	386	256	130	341	45	45	273	64	4	-	34	21	13
9363 Berufe im Metallblasinstrumentenbau	375	307	68	340	35	73	232	*	*	*	52	38	14
9364 Berufe im Klavier- und Cembalobau	906	733	173	848	58	168	587	141	10	*	166	118	48
9365 Berufe im Orgel- und Harmoniumbau	620	544	76	589	31	116	393	106	5	*	126	101	25
9368 Berufe im Musikinstrumentenbau (s.s.T.)	115	71	44	103	11	*	63	*	*	-	7	3	4
9369 Aufsicht - Musikinstrumentenbau	150	129	21	142	8	*	108	35	*	-	-	-	-
94 Darstellende, unterhaltende Berufe	113,969	74,502	39,467	98,734	15,183	14,591	80,427	17,464	1,487	332	4,920	3,925	995
941 Musik-, Gesang-, Dirigententätigkeiten	23,970	14,423	9,547	18,555	5,403	433	17,150	5,768	619	138	11	6	5
9411 Musiker/innen	17,461	10,773	6,688	14,394	3,060	323	12,109	4,528	501	109	*	*	*
9412 Sänger/innen	4,905	2,546	2,359	3,007	1,895	81	3,814	946	64	16	5	*	*
9413 Dirigenten/Dirigentinnen	964	687	277	759	204	*	700	210	*	8	-	-	-
9414 Komponisten/Komponistinnen	43	27	16	37	6	*	36	*	-	-	-	-	-
9418 Musik-,Gesangs-, Dirigententätigk. (ssT)	597	390	207	358	238	19	491	*	*	5	*	*	-
942 Schauspiel, Tanz und Bewegungskunst	15,647	10,959	4,688	10,818	4,823	4,883	9,686	789	289	24	61	31	30
9421 Schauspieler/innen	4,818	2,693	2,125	4,263	554	267	3,682	630	239	21	42	20	22
9422 Tänzer/innen, Choreografen/innen	2,594	1,257	1,337	803	1,790	629	1,901	49	15	*	*	-	*
9423 Mannequins, Dressmen, sonstige Models	93	5	88	84	9	*	69	*	*	-	-	-	-
9424 Athleten, Berufssportler	7,120	6,419	701	5,020	2,096	3,774	3,335	*	*	-	7	*	*
9425 Berufe personenbezog. Dienstleistungen	99	38	61	75	24	*	65	16	*	-	6	*	*
9428 BerufeSchauspielTanz,Bewegungskunst(ssT)	923	547	376	573	350	187	634	73	29	*	*	*	*
943 Moderation und Unterhaltung	6,602	4,670	1,932	5,179	1,416	734	4,848	938	82	24	30	15	15
9430 Berufe in Moderation, Unterhaltung (oS)	454	240	214	419	34	39	366	40	9	*	6	3	3
9431 Komiker/innen, Kabarettisten/innen	23	13	10	20	3	-	11	7	5	*	-	-	-
9432 Zauberer/innen, Illusionisten/innen	203	169	34	154	49	13	174	16	-	-	6	*	*
9433 Hörfunk-, Fernsehmoderatoren/innen	1,065	547	518	1,032	31	28	845	170	22	7	12	6	6
9434 Berufe im Bereich Glücks- und Wettspiel	4,497	3,454	1,043	3,247	1,246	621	3,191	648	37	12	*	*	*
9438 Berufe in Moderation, Unterhaltung (ssT)	360	247	113	307	53	33	261	57	9	-	*	*	*
944 Theater-, Film- und Fernsehproduktion	14,808	7,600	7,208	13,837	959	1,229	11,716	1,725	138	25	147	85	62
9440 Berufe Theater-,Film-,Fernsehproduk.(oS)	7,367	3,634	3,733	6,883	478	948	5,924	459	36	7	91	65	26
9441 Berufe in der Regie	1,743	820	923	1,614	127	168	1,269	287	19	5	9	*	*
9448 Berufe Theater-,Film-, Fernsehprod.(ssT)	1,071	427	644	965	106	39	810	198	24	3	6	*	*
9449 Aufsicht,Führung-TheaterFilm,Fernsehprod	4,627	2,719	1,908	4,375	248	74	3,713	781	59	10	41	12	29
945 Veranstaltungs-, Kamera-, Tontechnik	37,287	30,437	6,850	35,717	1,559	5,791	26,181	5,137	178	61	4,442	3,733	709
9451 Berufe Veranstaltungs- und Bühnentechnik	18,879	16,319	2,560	18,089	784	3,876	12,674	2,255	74	25	3,118	2,706	412
9452 Berufe in der Kameratechnik	3,258	2,710	548	3,113	145	207	2,415	600	36	*	30	*	*
9453 Berufe in der Bild- und Tontechnik	12,127	8,951	3,176	11,630	493	1,648	8,830	1,608	41	21	1,283	991	292
9458 Berufe Veranstalt.-Kamera-,Tontech.(ssT)	318	303	15	313	5	9	223	76	10	*	5	*	*
9459 Aufsicht-Veranstaltungs-Kamera-,Tontech.	2,705	2,154	551	2,572	132	51	2,039	598	17	7	6	*	*
946 Bühnen- und Kostümbildnerei, Requisite	5,750	1,802	3,948	5,385	363	321	4,179	1,198	52	16	146	29	117
9461 Berufe i.d. Bühnen- und Kostümbildnerei	2,857	830	2,027	2,677	179	*	2,133	523	*	*	118	25	93
9462 Berufe in der Requisite	2,763	880	1,883	2,584	178	*	1,959	636	*	8	*	4	*
9469 Aufsicht-Bühnen-,Kostümbildn.,Requisite	130	92	38	124	6	*	87	39	*	*	*	-	*
947 Museumstechnik und -management	9,905	4,611	5,294	9,243	660	1,200	6,667	1,909	129	44	83	26	57
9470 Museumsberufe (o.S.)	2,766	862	1,904	2,630	135	153	1,958	609	46	8	27	*	*
9471 Berufe Museums- und Ausstellungstechnik	5,378	2,942	2,436	4,948	430	983	3,587	759	49	23	29	7	22
9472 Kunstsachverständige	335	153	182	303	31	*	263	49	*	-	5	*	*
9479 Führung - Museum	1,426	654	772	1,362	64	*	859	492	*	13	22	*	*
